<?xml version="1.0" encoding="utf-8"?>
<COLLADA xmlns="http://www.collada.org/2005/11/COLLADASchema" version="1.4.1">
  <asset>
    <contributor>
      <author>Mixamo</author>
      <authoring_tool>COLLADA Mixamo exporter</authoring_tool>
      <comments/>
    </contributor>
    <created>2024-12-15T19:35:49Z</created>
    <modified>2024-12-15T19:35:49Z</modified>
    <revision/>
    <title/>
    <unit meter="0.010000"/>
    <up_axis>Y_UP</up_axis>
  </asset>
  <library_animations>
    <animation id="mixamorig_Hips-anim" name="mixamorig_Hips">
      <source id="mixamorig_Hips-Matrix-animation-input">
        <float_array id="mixamorig_Hips-Matrix-animation-input-array" count="51">

0.000000 0.033333 0.066667 0.100000 0.133333 0.166667 0.200000 0.233333 0.266667 0.300000 0.333333 0.366667 0.400000 0.433333 0.466667 0.500000
0.533333 0.566667 0.600000 0.633333 0.666667 0.700000 0.733333 0.766667 0.800000 0.833333 0.866667 0.900000 0.933333 0.966667 1.000000 1.033333
1.066667 1.100000 1.133333 1.166667 1.200000 1.233333 1.266667 1.300000 1.333333 1.366667 1.400000 1.433333 1.466667 1.500000 1.533333 1.566667
1.600000 1.633333 1.666667</float_array>
        <technique_common>
          <accessor source="#mixamorig_Hips-Matrix-animation-input-array" count="51">
            <param name="TIME" type="float"/>
          </accessor>
        </technique_common>
      </source>
      <source id="mixamorig_Hips-Matrix-animation-output-transform">
        <float_array id="mixamorig_Hips-Matrix-animation-output-transform-array" count="816">

0.989129 -0.073034 -0.127635 -0.104314 0.046142 0.978260 -0.202185 96.014046 0.139627 0.194097 0.970995 -0.413819 0.000000 0.000000 0.000000 1.000000
0.991648 -0.096158 -0.085953 -0.945979 0.078544 0.978850 -0.188901 98.577766 0.102299 0.180572 0.978227 19.615446 0.000000 0.000000 0.000000 1.000000
0.985770 -0.102612 -0.133151 -1.762736 0.080217 0.983222 -0.163831 103.521515 0.147728 0.150818 0.977461 38.112492 0.000000 0.000000 0.000000 1.000000
0.975069 -0.117119 -0.188475 -2.269353 0.086166 0.982558 -0.164787 108.117790 0.204487 0.144439 0.968154 54.163723 0.000000 0.000000 0.000000 1.000000
0.984104 -0.135542 -0.114752 -2.808071 0.119556 0.983427 -0.136300 112.590210 0.131325 0.120414 0.983999 71.095848 0.000000 0.000000 0.000000 1.000000
0.983387 -0.115386 -0.140131 -3.222758 0.088148 0.978391 -0.187032 116.796700 0.158684 0.171573 0.972308 87.306992 0.000000 0.000000 0.000000 1.000000
0.982522 -0.103862 -0.154478 -3.866132 0.071136 0.976380 -0.204016 118.809753 0.172019 0.189461 0.966703 103.480148 0.000000 0.000000 0.000000 1.000000
0.981099 -0.089628 -0.171501 -4.690617 0.052751 0.976578 -0.208598 119.665161 0.186180 0.195608 0.962847 119.651054 0.000000 0.000000 0.000000 1.000000
0.978548 -0.085103 -0.187621 -5.453956 0.048449 0.980213 -0.191925 119.271217 0.200242 0.178718 0.963308 135.735474 0.000000 0.000000 0.000000 1.000000
0.978459 -0.060859 -0.197266 -6.472972 0.011849 0.970539 -0.240651 116.761963 0.206100 0.233130 0.950354 151.822037 0.000000 0.000000 0.000000 1.000000
0.983060 -0.046807 -0.177209 -7.191285 0.003737 0.971760 -0.235943 111.756012 0.183248 0.231284 0.955473 168.862656 0.000000 0.000000 0.000000 1.000000
0.988393 -0.045343 -0.144992 -7.669179 0.031203 0.994663 -0.098348 104.390656 0.148678 0.092682 0.984533 186.864929 0.000000 0.000000 0.000000 1.000000
0.984778 -0.048510 -0.166909 -8.946312 0.050061 0.998733 0.005093 94.210510 0.166450 -0.013371 0.985959 205.650314 0.000000 0.000000 0.000000 1.000000
0.979462 -0.061230 -0.192105 -8.824142 0.048095 0.996222 -0.072313 91.264969 0.195807 0.061589 0.978707 222.217621 0.000000 0.000000 0.000000 1.000000
0.982121 -0.053235 -0.180566 -8.948020 0.034855 0.994021 -0.103480 103.140343 0.184995 0.095336 0.978104 238.164001 0.000000 0.000000 0.000000 1.000000
0.990251 -0.052366 -0.129079 -8.919899 0.022619 0.974798 -0.221941 120.023438 0.137448 0.216857 0.966479 252.697327 0.000000 0.000000 0.000000 1.000000
0.990297 -0.041796 -0.132532 -8.524902 -0.009908 0.930036 -0.367336 139.547241 0.138613 0.365085 0.920597 264.317963 0.000000 0.000000 0.000000 1.000000
0.980425 -0.025972 -0.195174 -8.469223 -0.055644 0.914305 -0.401186 156.317886 0.188868 0.404193 0.894962 273.376343 0.000000 0.000000 0.000000 1.000000
0.984604 -0.017941 -0.173874 -8.068770 -0.072371 0.863618 -0.498925 171.014252 0.159112 0.503827 0.849024 283.379272 0.000000 0.000000 0.000000 1.000000
0.990914 -0.016676 -0.133458 -7.590473 -0.072533 0.769359 -0.634685 184.453125 0.113261 0.638598 0.761160 293.415802 0.000000 0.000000 0.000000 1.000000
0.994745 -0.022240 -0.099941 -7.330686 -0.064597 0.621005 -0.781141 197.340469 0.079436 0.783491 0.616304 303.714294 0.000000 0.000000 0.000000 1.000000
0.996995 -0.042799 -0.064564 -7.502029 -0.042144 0.399645 -0.915701 209.935959 0.064994 0.915670 0.396641 316.533051 0.000000 0.000000 0.000000 1.000000
0.997715 -0.065868 -0.015035 -7.841484 -0.008804 0.093889 -0.995544 221.402405 0.066986 0.993401 0.093095 332.544159 0.000000 0.000000 0.000000 1.000000
0.997614 -0.067733 0.013397 -7.718274 -0.004631 -0.259229 -0.965805 230.572128 0.068890 0.963438 -0.258924 351.071838 0.000000 0.000000 0.000000 1.000000
0.998719 -0.050436 0.003975 -7.265760 -0.026544 -0.589248 -0.807516 233.483154 0.043070 0.806377 -0.589832 370.304749 0.000000 0.000000 0.000000 1.000000
0.999629 -0.024453 -0.012035 -6.729615 -0.027050 -0.836277 -0.547639 234.192993 0.003327 0.547761 -0.836628 389.602173 0.000000 0.000000 0.000000 1.000000
0.999909 0.001644 -0.013392 -6.454081 -0.001773 -0.967933 -0.251201 233.581497 -0.013376 0.251202 -0.967842 408.048279 0.000000 0.000000 0.000000 1.000000
0.999676 0.024174 0.007915 -6.897422 0.024020 -0.999532 0.018919 230.928085 0.008368 -0.018723 -0.999790 423.734924 0.000000 0.000000 0.000000 1.000000
0.997487 0.044576 0.055076 -7.337314 0.029779 -0.969068 0.244992 225.769211 0.064293 -0.242736 -0.967960 436.638916 0.000000 0.000000 0.000000 1.000000
0.992629 0.067031 0.100969 -7.415576 0.010895 -0.879102 0.476509 219.429428 0.120703 -0.471896 -0.873353 447.276703 0.000000 0.000000 0.000000 1.000000
0.987157 0.102473 0.122553 -7.757461 -0.011355 -0.720205 0.693668 212.780472 0.159346 -0.686151 -0.709792 456.959595 0.000000 0.000000 0.000000 1.000000
0.981340 0.120957 0.149468 -8.122003 -0.058332 -0.553435 0.830848 206.245483 0.183217 -0.824063 -0.536052 466.267548 0.000000 0.000000 0.000000 1.000000
0.975150 0.130756 0.178845 -8.245758 -0.113112 -0.400272 0.909389 199.901901 0.190495 -0.907020 -0.375535 475.019623 0.000000 0.000000 0.000000 1.000000
0.964926 0.154707 0.212095 -8.497656 -0.175669 -0.219867 0.959583 193.403412 0.195087 -0.963184 -0.184978 484.049194 0.000000 0.000000 0.000000 1.000000
0.953679 0.178488 0.242153 -8.708064 -0.242025 -0.022828 0.970002 186.915726 0.178662 -0.983677 0.021428 494.074158 0.000000 0.000000 0.000000 1.000000
0.947944 0.184532 0.259518 -8.815952 -0.287080 0.142586 0.947235 180.261627 0.137791 -0.972429 0.188139 505.437714 0.000000 0.000000 0.000000 1.000000
0.947052 0.193984 0.255857 -8.834270 -0.302915 0.275572 0.912306 172.179520 0.106465 -0.941504 0.319742 517.706116 0.000000 0.000000 0.000000 1.000000
0.950628 0.204364 0.233541 -8.598118 -0.299213 0.403955 0.864460 162.374023 0.082325 -0.891659 0.445159 530.169128 0.000000 0.000000 0.000000 1.000000
0.950923 0.223155 0.214351 -8.112824 -0.303443 0.536967 0.787139 152.137650 0.060554 -0.813553 0.578330 542.344543 0.000000 0.000000 0.000000 1.000000
0.948842 0.240205 0.204941 -7.298584 -0.313784 0.644963 0.696823 141.445541 0.035201 -0.725482 0.687341 554.003113 0.000000 0.000000 0.000000 1.000000
0.940194 0.230847 0.250491 -4.803418 -0.337392 0.732387 0.591418 129.603226 -0.046930 -0.640562 0.766471 565.260254 0.000000 0.000000 0.000000 1.000000
0.926088 0.188796 0.326676 -2.355113 -0.335060 0.809596 0.481963 118.386757 -0.173483 -0.555796 0.813015 575.687256 0.000000 0.000000 0.000000 1.000000
0.922900 0.144976 0.356703 -1.274509 -0.287213 0.876215 0.386983 110.113800 -0.256445 -0.459596 0.850298 586.054138 0.000000 0.000000 0.000000 1.000000
0.919476 0.140651 0.367126 -0.924303 -0.259088 0.919134 0.296759 100.561653 -0.295699 -0.367980 0.881563 596.291504 0.000000 0.000000 0.000000 1.000000
0.921150 0.126414 0.368106 -1.005798 -0.214049 0.954451 0.207861 91.914253 -0.325063 -0.270264 0.906251 606.929382 0.000000 0.000000 0.000000 1.000000
0.928195 0.099110 0.358652 -1.128732 -0.151073 0.981234 0.119822 83.985641 -0.340046 -0.165401 0.925749 617.807556 0.000000 0.000000 0.000000 1.000000
0.937080 0.076979 0.340521 -1.253599 -0.093157 0.995156 0.031390 77.501244 -0.336456 -0.061137 0.939713 628.242493 0.000000 0.000000 0.000000 1.000000
0.947373 0.065678 0.313321 -1.251712 -0.049921 0.997064 -0.058058 72.673080 -0.316215 0.039361 0.947871 638.249939 0.000000 0.000000 0.000000 1.000000
0.958772 0.068050 0.275908 -0.935732 -0.027392 0.988515 -0.148621 69.577400 -0.282853 0.134935 0.949625 647.968567 0.000000 0.000000 0.000000 1.000000
0.976919 0.106459 0.185192 -0.257848 -0.060519 0.969377 -0.238005 72.377182 -0.204859 0.221304 0.953445 657.184631 0.000000 0.000000 0.000000 1.000000
0.986006 0.134349 0.098704 0.627605 -0.095366 0.940184 -0.327047 74.444054 -0.136738 0.313057 0.939839 666.696167 0.000000 0.000000 0.000000 1.000000</float_array>
        <technique_common>
          <accessor source="#mixamorig_Hips-Matrix-animation-output-transform-array" count="51" stride="16">
            <param type="float4x4"/>
          </accessor>
        </technique_common>
      </source>
      <source id="mixamorig_Hips-Interpolations">
        <Name_array id="mixamorig_Hips-Interpolations-array" count="51">
 LINEAR LINEAR LINEAR LINEAR LINEAR LINEAR LINEAR LINEAR LINEAR LINEAR LINEAR
LINEAR LINEAR LINEAR LINEAR LINEAR LINEAR LINEAR LINEAR LINEAR LINEAR LINEAR LINEAR
LINEAR LINEAR LINEAR LINEAR LINEAR LINEAR LINEAR LINEAR LINEAR LINEAR LINEAR LINEAR
LINEAR LINEAR LINEAR LINEAR LINEAR LINEAR LINEAR LINEAR LINEAR LINEAR LINEAR LINEAR
LINEAR LINEAR LINEAR LINEAR</Name_array>
        <technique_common>
          <accessor source="#mixamorig_Hips-Interpolations-array" count="51">
            <param type="name"/>
          </accessor>
        </technique_common>
      </source>
      <sampler id="mixamorig_Hips-Matrix-animation-transform">
        <input semantic="INPUT" source="#mixamorig_Hips-Matrix-animation-input"/>
        <input semantic="OUTPUT" source="#mixamorig_Hips-Matrix-animation-output-transform"/>
        <input semantic="INTERPOLATION" source="#mixamorig_Hips-Interpolations"/>
      </sampler>
      <channel source="#mixamorig_Hips-Matrix-animation-transform" target="mixamorig_Hips/matrix"/>
    </animation>
    <animation id="mixamorig_Spine-anim" name="mixamorig_Spine">
      <source id="mixamorig_Spine-Matrix-animation-input">
        <float_array id="mixamorig_Spine-Matrix-animation-input-array" count="51">

0.000000 0.033333 0.066667 0.100000 0.133333 0.166667 0.200000 0.233333 0.266667 0.300000 0.333333 0.366667 0.400000 0.433333 0.466667 0.500000
0.533333 0.566667 0.600000 0.633333 0.666667 0.700000 0.733333 0.766667 0.800000 0.833333 0.866667 0.900000 0.933333 0.966667 1.000000 1.033333
1.066667 1.100000 1.133333 1.166667 1.200000 1.233333 1.266667 1.300000 1.333333 1.366667 1.400000 1.433333 1.466667 1.500000 1.533333 1.566667
1.600000 1.633333 1.666667</float_array>
        <technique_common>
          <accessor source="#mixamorig_Spine-Matrix-animation-input-array" count="51">
            <param name="TIME" type="float"/>
          </accessor>
        </technique_common>
      </source>
      <source id="mixamorig_Spine-Matrix-animation-output-transform">
        <float_array id="mixamorig_Spine-Matrix-animation-output-transform-array" count="816">

0.998094 0.036753 -0.049582 -0.038100 -0.038346 0.998765 -0.031578 9.490500 0.048360 0.033419 0.998271 -1.392100 0.000000 0.000000 0.000000 1.000000
0.998182 0.060274 0.000182 -0.038100 -0.060220 0.997155 0.045334 9.490500 0.002551 -0.045262 0.998972 -1.392100 0.000000 0.000000 0.000000 1.000000
0.996756 0.069335 0.040873 -0.038100 -0.067743 0.996935 -0.039122 9.490500 -0.043460 0.036226 0.998398 -1.392100 0.000000 0.000000 0.000000 1.000000
0.995147 0.079385 0.058139 -0.038100 -0.074607 0.993984 -0.080188 9.490500 -0.064155 0.075461 0.995083 -1.392100 0.000000 0.000000 0.000000 1.000000
0.995549 0.089703 -0.028889 -0.038100 -0.091973 0.991660 -0.090280 9.490500 0.020550 0.092535 0.995497 -1.392100 0.000000 0.000000 0.000000 1.000000
0.995628 0.065389 -0.066695 -0.038100 -0.071977 0.992207 -0.101710 9.490500 0.059525 0.106066 0.992576 -1.392100 0.000000 0.000000 0.000000 1.000000
0.995112 0.078233 -0.060260 -0.038100 -0.084700 0.989918 -0.113528 9.490500 0.050771 0.118077 0.991706 -1.392100 0.000000 0.000000 0.000000 1.000000
0.994733 0.093144 -0.042777 -0.038100 -0.097972 0.986689 -0.129791 9.490500 0.030119 0.133298 0.990618 -1.392100 0.000000 0.000000 0.000000 1.000000
0.991299 0.107634 -0.075768 -0.038100 -0.119007 0.978832 -0.166509 9.490500 0.056242 0.174077 0.983125 -1.392100 0.000000 0.000000 0.000000 1.000000
0.992435 0.093428 -0.079644 -0.038100 -0.103877 0.984808 -0.139149 9.490500 0.065434 0.146370 0.987063 -1.392100 0.000000 0.000000 0.000000 1.000000
0.992476 0.096050 -0.075939 -0.038100 -0.104267 0.988121 -0.112891 9.490500 0.064193 0.119960 0.990701 -1.392100 0.000000 0.000000 0.000000 1.000000
0.991362 0.108827 -0.073201 -0.038100 -0.117739 0.984350 -0.131123 9.490500 0.057786 0.138609 0.988660 -1.392100 0.000000 0.000000 0.000000 1.000000
0.992492 0.112303 -0.048453 -0.038100 -0.116061 0.989738 -0.083354 9.490500 0.038594 0.088352 0.995341 -1.392100 0.000000 0.000000 0.000000 1.000000
0.996700 0.081050 -0.004408 -0.038100 -0.080903 0.996354 0.027069 9.490500 0.006586 -0.026623 0.999624 -1.392100 0.000000 0.000000 0.000000 1.000000
0.997007 0.076186 0.013116 -0.038100 -0.076998 0.993777 0.080488 9.490500 -0.006902 -0.081257 0.996669 -1.392100 0.000000 0.000000 0.000000 1.000000
0.996721 0.080308 0.009912 -0.038100 -0.080885 0.985299 0.150478 9.490500 0.002319 -0.150786 0.988564 -1.392100 0.000000 0.000000 0.000000 1.000000
0.996499 0.083421 -0.005473 -0.038100 -0.081150 0.980954 0.176476 9.490500 0.020091 -0.175414 0.984290 -1.392100 0.000000 0.000000 0.000000 1.000000
0.996307 0.084716 0.014002 -0.038100 -0.085385 0.994695 0.057366 9.490500 -0.009068 -0.058349 0.998255 -1.392100 0.000000 0.000000 0.000000 1.000000
0.995036 0.099474 0.002966 -0.038100 -0.099404 0.994880 -0.018262 9.490500 -0.004767 0.017877 0.999829 -1.392100 0.000000 0.000000 0.000000 1.000000
0.994832 0.100915 -0.011165 -0.038100 -0.101460 0.992218 -0.072179 9.490500 0.003794 0.072939 0.997329 -1.392100 0.000000 0.000000 0.000000 1.000000
0.994210 0.104140 -0.026481 -0.038100 -0.107237 0.977257 -0.182946 9.490500 0.006827 0.184726 0.982766 -1.392100 0.000000 0.000000 0.000000 1.000000
0.989391 0.143200 -0.024493 -0.038100 -0.144397 0.950751 -0.274268 9.490500 -0.015988 0.274895 0.961341 -1.392100 0.000000 0.000000 0.000000 1.000000
0.993341 0.111908 -0.027380 -0.038100 -0.114868 0.943783 -0.309965 9.490500 -0.008847 0.311046 0.950354 -1.392100 0.000000 0.000000 0.000000 1.000000
0.994481 0.095305 -0.043866 -0.038100 -0.104837 0.918903 -0.380297 9.490500 0.004065 0.382797 0.923824 -1.392100 0.000000 0.000000 0.000000 1.000000
0.995460 0.090267 -0.030192 -0.038100 -0.094506 0.899589 -0.426389 9.490500 -0.011328 0.427307 0.904036 -1.392100 0.000000 0.000000 0.000000 1.000000
0.995617 0.093510 -0.001564 -0.038100 -0.084024 0.887020 -0.454021 9.490500 -0.041068 0.452163 0.890989 -1.392100 0.000000 0.000000 0.000000 1.000000
0.994842 0.098735 0.023268 -0.038100 -0.075839 0.876270 -0.475815 9.490500 -0.067369 0.471596 0.879238 -1.392100 0.000000 0.000000 0.000000 1.000000
0.994873 0.098124 0.024496 -0.038100 -0.072755 0.862627 -0.500581 9.490500 -0.070250 0.496233 0.865343 -1.392100 0.000000 0.000000 0.000000 1.000000
0.995217 0.097469 0.006579 -0.038100 -0.080131 0.853000 -0.515722 9.490500 -0.055879 0.512728 0.856731 -1.392100 0.000000 0.000000 0.000000 1.000000
0.995420 0.095575 0.002123 -0.038100 -0.081126 0.856268 -0.510121 9.490500 -0.050573 0.507612 0.860100 -1.392100 0.000000 0.000000 0.000000 1.000000
0.995212 0.097116 0.011053 -0.038100 -0.080541 0.878876 -0.470202 9.490500 -0.055378 0.467060 0.882490 -1.392100 0.000000 0.000000 0.000000 1.000000
0.993814 0.110721 0.008647 -0.038100 -0.095732 0.893532 -0.438675 9.490500 -0.056297 0.435133 0.898604 -1.392100 0.000000 0.000000 0.000000 1.000000
0.992874 0.119171 0.000394 -0.038100 -0.108001 0.901198 -0.419735 9.490500 -0.050375 0.416702 0.907647 -1.392100 0.000000 0.000000 0.000000 1.000000
0.993963 0.108774 -0.014343 -0.038100 -0.105984 0.918104 -0.381907 9.490500 -0.028373 0.381122 0.924089 -1.392100 0.000000 0.000000 0.000000 1.000000
0.994717 0.099146 -0.026594 -0.038100 -0.102387 0.939733 -0.326219 9.490500 -0.007352 0.327219 0.944920 -1.392100 0.000000 0.000000 0.000000 1.000000
0.995143 0.091714 -0.035765 -0.038100 -0.098242 0.948360 -0.301600 9.490500 0.006257 0.303648 0.952764 -1.392100 0.000000 0.000000 0.000000 1.000000
0.996486 0.073563 -0.040057 -0.038100 -0.082017 0.954023 -0.288295 9.490500 0.017008 0.290567 0.956703 -1.392100 0.000000 0.000000 0.000000 1.000000
0.996113 0.082467 -0.030965 -0.038100 -0.087511 0.966619 -0.240811 9.490500 0.010073 0.242584 0.970078 -1.392100 0.000000 0.000000 0.000000 1.000000
0.996365 0.078458 -0.033176 -0.038100 -0.082996 0.981829 -0.170655 9.490500 0.019184 0.172788 0.984772 -1.392100 0.000000 0.000000 0.000000 1.000000
0.997049 0.069136 -0.033356 -0.038100 -0.072053 0.992763 -0.096070 9.490500 0.026473 0.098189 0.994816 -1.392100 0.000000 0.000000 0.000000 1.000000
0.995767 0.065706 -0.064265 -0.038100 -0.068883 0.996443 -0.048543 9.490500 0.060847 0.052765 0.996752 -1.392100 0.000000 0.000000 0.000000 1.000000
0.992542 0.070879 -0.099183 -0.038100 -0.075302 0.996294 -0.041578 9.490500 0.095869 0.048737 0.994200 -1.392100 0.000000 0.000000 0.000000 1.000000
0.989815 0.093492 -0.107361 -0.038100 -0.098624 0.994173 -0.043517 9.490500 0.102667 0.053662 0.993267 -1.392100 0.000000 0.000000 0.000000 1.000000
0.992052 0.078153 -0.098614 -0.038100 -0.083754 0.995023 -0.053992 9.490500 0.093904 0.061823 0.993660 -1.392100 0.000000 0.000000 0.000000 1.000000
0.993405 0.075177 -0.086579 -0.038100 -0.081033 0.994508 -0.066237 9.490500 0.081124 0.072816 0.994041 -1.392100 0.000000 0.000000 0.000000 1.000000
0.993656 0.086297 -0.072118 -0.038100 -0.091947 0.992617 -0.079102 9.490500 0.064759 0.085231 0.994254 -1.392100 0.000000 0.000000 0.000000 1.000000
0.994214 0.090422 -0.057992 -0.038100 -0.095559 0.991073 -0.092963 9.490500 0.049069 0.097967 0.993979 -1.392100 0.000000 0.000000 0.000000 1.000000
0.995666 0.080917 -0.045846 -0.038100 -0.085401 0.990671 -0.106195 9.490500 0.036825 0.109650 0.993288 -1.392100 0.000000 0.000000 0.000000 1.000000
0.997809 0.054567 -0.037401 -0.038100 -0.058596 0.991423 -0.116819 9.490500 0.030706 0.118755 0.992449 -1.392100 0.000000 0.000000 0.000000 1.000000
0.999370 -0.019714 -0.029496 -0.038100 0.015994 0.992469 -0.121451 9.490500 0.031668 0.120903 0.992159 -1.392100 0.000000 0.000000 0.000000 1.000000
0.995361 -0.095769 -0.009212 -0.038100 0.094139 0.989215 -0.112210 9.490500 0.019859 0.110823 0.993642 -1.392100 0.000000 0.000000 0.000000 1.000000</float_array>
        <technique_common>
          <accessor source="#mixamorig_Spine-Matrix-animation-output-transform-array" count="51" stride="16">
            <param type="float4x4"/>
          </accessor>
        </technique_common>
      </source>
      <source id="mixamorig_Spine-Interpolations">
        <Name_array id="mixamorig_Spine-Interpolations-array" count="51">
 LINEAR LINEAR LINEAR LINEAR LINEAR LINEAR LINEAR LINEAR LINEAR LINEAR LINEAR
LINEAR LINEAR LINEAR LINEAR LINEAR LINEAR LINEAR LINEAR LINEAR LINEAR LINEAR LINEAR
LINEAR LINEAR LINEAR LINEAR LINEAR LINEAR LINEAR LINEAR LINEAR LINEAR LINEAR LINEAR
LINEAR LINEAR LINEAR LINEAR LINEAR LINEAR LINEAR LINEAR LINEAR LINEAR LINEAR LINEAR
LINEAR LINEAR LINEAR LINEAR</Name_array>
        <technique_common>
          <accessor source="#mixamorig_Spine-Interpolations-array" count="51">
            <param type="name"/>
          </accessor>
        </technique_common>
      </source>
      <sampler id="mixamorig_Spine-Matrix-animation-transform">
        <input semantic="INPUT" source="#mixamorig_Spine-Matrix-animation-input"/>
        <input semantic="OUTPUT" source="#mixamorig_Spine-Matrix-animation-output-transform"/>
        <input semantic="INTERPOLATION" source="#mixamorig_Spine-Interpolations"/>
      </sampler>
      <channel source="#mixamorig_Spine-Matrix-animation-transform" target="mixamorig_Spine/matrix"/>
    </animation>
    <animation id="mixamorig_Spine1-anim" name="mixamorig_Spine1">
      <source id="mixamorig_Spine1-Matrix-animation-input">
        <float_array id="mixamorig_Spine1-Matrix-animation-input-array" count="51">

0.000000 0.033333 0.066667 0.100000 0.133333 0.166667 0.200000 0.233333 0.266667 0.300000 0.333333 0.366667 0.400000 0.433333 0.466667 0.500000
0.533333 0.566667 0.600000 0.633333 0.666667 0.700000 0.733333 0.766667 0.800000 0.833333 0.866667 0.900000 0.933333 0.966667 1.000000 1.033333
1.066667 1.100000 1.133333 1.166667 1.200000 1.233333 1.266667 1.300000 1.333333 1.366667 1.400000 1.433333 1.466667 1.500000 1.533333 1.566667
1.600000 1.633333 1.666667</float_array>
        <technique_common>
          <accessor source="#mixamorig_Spine1-Matrix-animation-input-array" count="51">
            <param name="TIME" type="float"/>
          </accessor>
        </technique_common>
      </source>
      <source id="mixamorig_Spine1-Matrix-animation-output-transform">
        <float_array id="mixamorig_Spine1-Matrix-animation-output-transform-array" count="816">

0.999516 0.019643 0.024130 -0.000000 -0.018606 0.998926 -0.042442 11.190800 -0.024938 0.041972 0.998807 0.000000 0.000000 0.000000 0.000000 1.000000
0.999190 0.026366 0.030412 0.000000 -0.025602 0.999354 -0.025239 11.190800 -0.031058 0.024440 0.999219 0.000000 0.000000 0.000000 0.000000 1.000000
0.999154 0.025856 0.031984 0.000000 -0.024447 0.998746 -0.043683 11.190800 -0.033073 0.042864 0.998533 0.000000 0.000000 0.000000 0.000000 1.000000
0.999313 0.022369 0.029538 0.000000 -0.020807 0.998422 -0.052161 11.190800 -0.030658 0.051511 0.998202 0.000000 0.000000 0.000000 0.000000 1.000000
0.999723 0.022940 0.005230 0.000000 -0.022623 0.998274 -0.054191 11.190800 -0.006464 0.054058 0.998517 0.000000 0.000000 0.000000 0.000000 1.000000
0.999855 0.015609 -0.006790 0.000000 -0.015967 0.998281 -0.056387 11.190800 0.005898 0.056487 0.998386 -0.000000 0.000000 0.000000 0.000000 1.000000
0.999843 0.016342 -0.006856 -0.000000 -0.016717 0.998134 -0.058724 11.190800 0.005884 0.058830 0.998251 0.000000 0.000000 0.000000 0.000000 1.000000
0.999825 0.018383 -0.003602 0.000000 -0.018570 0.997914 -0.061824 11.190800 0.002458 0.061880 0.998081 0.000000 0.000000 0.000000 0.000000 1.000000
0.999675 0.023024 -0.010956 0.000000 -0.023738 0.997246 -0.070262 11.190800 0.009308 0.070499 0.997468 0.000000 0.000000 0.000000 0.000000 1.000000
0.999699 0.020956 -0.012729 0.000000 -0.021729 0.997713 -0.064008 11.190800 0.011359 0.064265 0.997868 0.000000 0.000000 0.000000 0.000000 1.000000
0.999725 0.020646 -0.011118 0.000000 -0.021259 0.998085 -0.058093 11.190800 0.009897 0.058314 0.998249 0.000000 0.000000 0.000000 0.000000 1.000000
0.999647 0.023966 -0.011479 -0.000000 -0.024635 0.997757 -0.062246 11.190800 0.009961 0.062507 0.997995 0.000000 0.000000 0.000000 0.000000 1.000000
0.999634 0.025770 -0.008181 -0.000000 -0.026157 0.998339 -0.051333 11.190800 0.006845 0.051528 0.998648 0.000000 0.000000 0.000000 0.000000 1.000000
0.999829 0.018478 -0.000094 0.000000 -0.018474 0.999482 -0.026367 11.190800 -0.000393 0.026365 0.999652 0.000000 0.000000 0.000000 0.000000 1.000000
0.999872 0.015648 0.003383 -0.000000 -0.015598 0.999775 -0.014355 11.190800 -0.003607 0.014301 0.999891 0.000000 0.000000 0.000000 0.000000 1.000000
0.999886 0.014910 0.002176 0.000000 -0.014913 0.999888 0.001291 11.190800 -0.002156 -0.001323 0.999997 0.000000 0.000000 0.000000 0.000000 1.000000
0.999850 0.017257 -0.001313 0.000000 -0.017247 0.999827 0.007018 11.190800 0.001433 -0.006994 0.999975 0.000000 0.000000 0.000000 0.000000 1.000000
0.999834 0.017845 0.003675 -0.000000 -0.017770 0.999652 -0.019498 11.190800 -0.004021 0.019430 0.999803 -0.000000 0.000000 0.000000 0.000000 1.000000
0.999751 0.022237 0.001896 0.000000 -0.022153 0.999092 -0.036392 11.190800 -0.002704 0.036341 0.999336 -0.000000 0.000000 0.000000 0.000000 1.000000
0.999717 0.023766 -0.000933 0.000000 -0.023783 0.998541 -0.048487 11.190800 -0.000220 0.048496 0.998823 0.000000 0.000000 0.000000 0.000000 1.000000
0.999670 0.025446 -0.003608 0.000000 -0.025642 0.996972 -0.073409 11.190800 0.001729 0.073477 0.997295 0.000000 0.000000 0.000000 0.000000 1.000000
0.999407 0.034409 -0.001176 0.000000 -0.034367 0.994955 -0.094251 11.190800 -0.002073 0.094235 0.995548 0.000000 0.000000 0.000000 0.000000 1.000000
0.999623 0.027338 -0.002692 -0.000000 -0.027470 0.994355 -0.102486 11.190800 -0.000125 0.102521 0.994731 0.000000 0.000000 0.000000 0.000000 1.000000
0.999690 0.024133 -0.006067 0.000000 -0.024684 0.992567 -0.119166 11.190800 0.003146 0.119279 0.992856 0.000000 0.000000 0.000000 0.000000 1.000000
0.999745 0.022372 -0.003137 0.000000 -0.022590 0.991236 -0.130154 11.190800 0.000197 0.130191 0.991489 -0.000000 0.000000 0.000000 0.000000 1.000000
0.999764 0.021548 0.002867 -0.000000 -0.020954 0.990388 -0.136723 11.190800 -0.005786 0.136630 0.990605 0.000000 0.000000 0.000000 0.000000 1.000000
0.999743 0.021117 0.008304 -0.000000 -0.019725 0.989677 -0.141950 11.190800 -0.011215 0.141750 0.989839 0.000000 0.000000 0.000000 0.000000 1.000000
0.999745 0.020781 0.008804 0.000000 -0.019249 0.988774 -0.148172 11.190800 -0.011784 0.147965 0.988922 0.000000 0.000000 0.000000 0.000000 1.000000
0.999742 0.021741 0.006573 -0.000000 -0.020489 0.988152 -0.152103 11.190800 -0.009802 0.151929 0.988343 0.000000 0.000000 0.000000 0.000000 1.000000
0.999752 0.021612 0.005456 0.000000 -0.020544 0.988365 -0.150707 11.190800 -0.008649 0.150557 0.988563 -0.000000 0.000000 0.000000 0.000000 1.000000
0.999742 0.021534 0.007174 0.000000 -0.020313 0.989863 -0.140568 11.190800 -0.010128 0.140386 0.990045 0.000000 0.000000 0.000000 0.000000 1.000000
0.999668 0.024729 0.007284 -0.000000 -0.023544 0.990868 -0.132766 11.190800 -0.010501 0.132551 0.991121 0.000000 0.000000 0.000000 0.000000 1.000000
0.999618 0.027002 0.005956 0.000000 -0.026016 0.991407 -0.128203 11.190800 -0.009367 0.127999 0.991730 0.000000 0.000000 0.000000 0.000000 1.000000
0.999676 0.025355 0.002048 0.000000 -0.024930 0.992552 -0.119244 11.190800 -0.005057 0.119154 0.992863 0.000000 0.000000 0.000000 0.000000 1.000000
0.999720 0.023636 -0.001496 0.000000 -0.023661 0.994063 -0.106203 11.190800 -0.001023 0.106208 0.994343 -0.000000 0.000000 0.000000 0.000000 1.000000
0.999704 0.023575 -0.005995 0.000000 -0.024059 0.994638 -0.100581 11.190800 0.003592 0.100696 0.994911 0.000000 0.000000 0.000000 0.000000 1.000000
0.999710 0.022044 -0.009707 0.000000 -0.022886 0.994976 -0.097460 11.190800 0.007509 0.097654 0.995192 0.000000 0.000000 0.000000 0.000000 1.000000
0.999649 0.025393 -0.007621 0.000000 -0.025957 0.995913 -0.086507 11.190800 0.005393 0.086674 0.996222 0.000000 0.000000 0.000000 0.000000 1.000000
0.999683 0.024235 -0.006829 0.000000 -0.024657 0.997202 -0.070567 11.190800 0.005100 0.070713 0.997484 0.000000 0.000000 0.000000 0.000000 1.000000
0.999774 0.020422 -0.005916 -0.000000 -0.020710 0.998341 -0.053730 11.190800 0.004809 0.053841 0.998538 -0.000000 0.000000 0.000000 0.000000 1.000000
0.999787 0.016557 -0.012304 0.000000 -0.017067 0.998947 -0.042583 11.190800 0.011586 0.042784 0.999017 -0.000000 0.000000 0.000000 0.000000 1.000000
0.999708 0.013708 -0.019877 0.000000 -0.014501 0.999082 -0.040315 11.190800 0.019306 0.040591 0.998989 0.000000 0.000000 0.000000 0.000000 1.000000
0.999715 0.010811 -0.021289 0.000000 -0.011660 0.999124 -0.040182 11.190800 0.020836 0.040419 0.998966 -0.000000 0.000000 0.000000 0.000000 1.000000
0.999766 0.007998 -0.020124 0.000000 -0.008814 0.999128 -0.040820 11.190800 0.019780 0.040988 0.998964 0.000000 0.000000 0.000000 0.000000 1.000000
0.999839 0.005010 -0.017237 0.000000 -0.005734 0.999093 -0.042188 11.190800 0.017010 0.042280 0.998961 0.000000 0.000000 0.000000 0.000000 1.000000
0.999908 0.001588 -0.013481 0.000000 -0.002184 0.999018 -0.044252 11.190800 0.013397 0.044278 0.998929 0.000000 0.000000 0.000000 0.000000 1.000000
0.999950 -0.002527 -0.009712 0.000000 0.002068 0.998893 -0.046986 11.190800 0.009820 0.046963 0.998848 0.000000 0.000000 0.000000 0.000000 1.000000
0.999948 -0.007595 -0.006784 0.000000 0.007243 0.998704 -0.050368 11.190800 0.007158 0.050316 0.998708 -0.000000 0.000000 0.000000 0.000000 1.000000
0.999888 -0.013874 -0.005553 -0.000000 0.013552 0.998427 -0.054397 11.190800 0.006299 0.054316 0.998504 0.000000 0.000000 0.000000 0.000000 1.000000
0.999679 -0.024411 -0.006781 -0.000000 0.023955 0.997862 -0.060800 11.190800 0.008250 0.060618 0.998127 0.000000 0.000000 0.000000 0.000000 1.000000
0.999283 -0.037425 -0.005745 0.000000 0.036986 0.997298 -0.063480 11.190800 0.008105 0.063222 0.997967 0.000000 0.000000 0.000000 0.000000 1.000000</float_array>
        <technique_common>
          <accessor source="#mixamorig_Spine1-Matrix-animation-output-transform-array" count="51" stride="16">
            <param type="float4x4"/>
          </accessor>
        </technique_common>
      </source>
      <source id="mixamorig_Spine1-Interpolations">
        <Name_array id="mixamorig_Spine1-Interpolations-array" count="51">
 LINEAR LINEAR LINEAR LINEAR LINEAR LINEAR LINEAR LINEAR LINEAR LINEAR LINEAR
LINEAR LINEAR LINEAR LINEAR LINEAR LINEAR LINEAR LINEAR LINEAR LINEAR LINEAR LINEAR
LINEAR LINEAR LINEAR LINEAR LINEAR LINEAR LINEAR LINEAR LINEAR LINEAR LINEAR LINEAR
LINEAR LINEAR LINEAR LINEAR LINEAR LINEAR LINEAR LINEAR LINEAR LINEAR LINEAR LINEAR
LINEAR LINEAR LINEAR LINEAR</Name_array>
        <technique_common>
          <accessor source="#mixamorig_Spine1-Interpolations-array" count="51">
            <param type="name"/>
          </accessor>
        </technique_common>
      </source>
      <sampler id="mixamorig_Spine1-Matrix-animation-transform">
        <input semantic="INPUT" source="#mixamorig_Spine1-Matrix-animation-input"/>
        <input semantic="OUTPUT" source="#mixamorig_Spine1-Matrix-animation-output-transform"/>
        <input semantic="INTERPOLATION" source="#mixamorig_Spine1-Interpolations"/>
      </sampler>
      <channel source="#mixamorig_Spine1-Matrix-animation-transform" target="mixamorig_Spine1/matrix"/>
    </animation>
    <animation id="mixamorig_Spine2-anim" name="mixamorig_Spine2">
      <source id="mixamorig_Spine2-Matrix-animation-input">
        <float_array id="mixamorig_Spine2-Matrix-animation-input-array" count="51">

0.000000 0.033333 0.066667 0.100000 0.133333 0.166667 0.200000 0.233333 0.266667 0.300000 0.333333 0.366667 0.400000 0.433333 0.466667 0.500000
0.533333 0.566667 0.600000 0.633333 0.666667 0.700000 0.733333 0.766667 0.800000 0.833333 0.866667 0.900000 0.933333 0.966667 1.000000 1.033333
1.066667 1.100000 1.133333 1.166667 1.200000 1.233333 1.266667 1.300000 1.333333 1.366667 1.400000 1.433333 1.466667 1.500000 1.533333 1.566667
1.600000 1.633333 1.666667</float_array>
        <technique_common>
          <accessor source="#mixamorig_Spine2-Matrix-animation-input-array" count="51">
            <param name="TIME" type="float"/>
          </accessor>
        </technique_common>
      </source>
      <source id="mixamorig_Spine2-Matrix-animation-output-transform">
        <float_array id="mixamorig_Spine2-Matrix-animation-output-transform-array" count="816">

0.960368 0.121715 0.250756 0.000000 -0.048222 0.958608 -0.280614 12.789500 -0.274532 0.257401 0.926486 -0.000000 0.000000 0.000000 0.000000 1.000000
0.967498 0.117221 0.224070 0.000000 -0.058507 0.965793 -0.252626 12.789500 -0.246019 0.231306 0.941261 0.000000 0.000000 0.000000 0.000000 1.000000
0.974947 0.105060 0.196061 0.000000 -0.052256 0.964940 -0.257215 12.789500 -0.216210 0.240526 0.946256 0.000000 0.000000 0.000000 0.000000 1.000000
0.982977 0.087687 0.161453 0.000000 -0.045042 0.966955 -0.250936 12.789500 -0.178122 0.239392 0.954444 0.000000 0.000000 0.000000 0.000000 1.000000
0.992286 0.069445 0.102696 0.000000 -0.043189 0.970131 -0.238704 12.789500 -0.116205 0.232428 0.965647 0.000000 0.000000 0.000000 0.000000 1.000000
0.997236 0.046272 0.058126 -0.000000 -0.031958 0.973453 -0.226646 12.789500 -0.067070 0.224162 0.972241 0.000000 0.000000 0.000000 0.000000 1.000000
0.999009 0.034682 0.027892 0.000000 -0.027808 0.975716 -0.217268 12.789500 -0.034750 0.216277 0.975714 0.000000 0.000000 0.000000 0.000000 1.000000
0.999585 0.027698 0.007868 0.000000 -0.025408 0.977041 -0.211532 12.789500 -0.013546 0.211244 0.977339 -0.000000 0.000000 0.000000 0.000000 1.000000
0.999582 0.025837 -0.012945 -0.000000 -0.028017 0.976234 -0.214900 12.789500 0.007085 0.215173 0.976550 -0.000000 0.000000 0.000000 0.000000 1.000000
0.999610 0.022806 -0.016142 -0.000000 -0.025669 0.977768 -0.208113 12.789500 0.011036 0.208446 0.977972 0.000000 0.000000 0.000000 0.000000 1.000000
0.999636 0.022734 -0.014502 0.000000 -0.025200 0.978996 -0.202315 12.789500 0.009598 0.202607 0.979213 -0.000000 0.000000 0.000000 0.000000 1.000000
0.999545 0.025966 -0.015341 0.000000 -0.028575 0.978056 -0.206374 12.789500 0.009646 0.206719 0.978353 0.000000 0.000000 0.000000 0.000000 1.000000
0.999525 0.028230 -0.012341 0.000000 -0.030100 0.980210 -0.195661 12.789500 0.006573 0.195939 0.980594 0.000000 0.000000 0.000000 0.000000 1.000000
0.999748 0.022189 -0.003281 -0.000000 -0.022423 0.984993 -0.171129 12.789500 -0.000565 0.171160 0.985243 0.000000 0.000000 0.000000 0.000000 1.000000
0.999802 0.019894 0.000570 0.000000 -0.019549 0.987039 -0.159288 12.789500 -0.003731 0.159246 0.987232 0.000000 0.000000 0.000000 0.000000 1.000000
0.999820 0.018989 -0.000517 0.000000 -0.018866 0.989423 -0.143825 12.789500 -0.002219 0.143808 0.989603 0.000000 0.000000 0.000000 0.000000 1.000000
0.999774 0.020804 -0.004309 0.000000 -0.021200 0.990185 -0.138148 12.789500 0.001393 0.138209 0.990402 0.000000 0.000000 0.000000 0.000000 1.000000
0.999755 0.022110 0.000540 -0.000000 -0.021720 0.986162 -0.164355 12.789500 -0.004166 0.164303 0.986401 -0.000000 0.000000 0.000000 0.000000 1.000000
0.999655 0.026196 -0.001857 0.000000 -0.026100 0.983138 -0.180992 12.789500 -0.002915 0.180978 0.983483 0.000000 0.000000 0.000000 0.000000 1.000000
0.999615 0.027299 -0.004879 0.000000 -0.027727 0.980831 -0.192876 12.789500 -0.000480 0.192937 0.981211 -0.000000 0.000000 0.000000 0.000000 1.000000
0.999562 0.028573 -0.007769 0.000000 -0.029578 0.975656 -0.217305 12.789500 0.001371 0.217439 0.976073 -0.000000 0.000000 0.000000 0.000000 1.000000
0.999263 0.037793 -0.006663 -0.000000 -0.038293 0.970601 -0.237629 12.789500 -0.002513 0.237709 0.971333 0.000000 0.000000 0.000000 0.000000 1.000000
0.999507 0.030577 -0.007137 0.000000 -0.031393 0.968839 -0.245693 12.789500 -0.000598 0.245796 0.969321 0.000000 0.000000 0.000000 0.000000 1.000000
0.999588 0.026917 -0.010011 0.000000 -0.028600 0.964661 -0.261938 12.789500 0.002607 0.262117 0.965033 -0.000000 0.000000 0.000000 0.000000 1.000000
0.999649 0.025600 -0.006857 0.000000 -0.026500 0.961756 -0.272624 12.789500 -0.000385 0.272710 0.962096 0.000000 0.000000 0.000000 0.000000 1.000000
0.999671 0.025656 -0.000797 0.000000 -0.024860 0.959968 -0.279003 12.789500 -0.006393 0.278931 0.960290 0.000000 0.000000 0.000000 0.000000 1.000000
0.999651 0.026018 0.004645 0.000000 -0.023628 0.958513 -0.284067 12.789500 -0.011843 0.283858 0.958793 0.000000 0.000000 0.000000 0.000000 1.000000
0.999655 0.025759 0.005188 0.000000 -0.023147 0.956719 -0.290090 12.789500 -0.012436 0.289870 0.956985 0.000000 0.000000 0.000000 0.000000 1.000000
0.999648 0.026385 0.002842 -0.000000 -0.024385 0.955528 -0.293889 12.789500 -0.010469 0.293717 0.955835 0.000000 0.000000 0.000000 0.000000 1.000000
0.999658 0.026095 0.001755 0.000000 -0.024441 0.955942 -0.292538 12.789500 -0.009312 0.292395 0.956252 0.000000 0.000000 0.000000 0.000000 1.000000
0.999649 0.026267 0.003467 0.000000 -0.024216 0.958896 -0.282724 12.789500 -0.010751 0.282541 0.959195 0.000000 0.000000 0.000000 0.000000 1.000000
0.999562 0.029444 0.003112 0.000000 -0.027452 0.961010 -0.275149 12.789500 -0.011092 0.274943 0.961396 -0.000000 0.000000 0.000000 0.000000 1.000000
0.999503 0.031500 0.001468 0.000000 -0.029926 0.962195 -0.270712 12.789500 -0.009940 0.270533 0.962659 0.000000 0.000000 0.000000 0.000000 1.000000
0.999568 0.029304 -0.002159 -0.000000 -0.028846 0.964633 -0.262013 12.789500 -0.005595 0.261962 0.965062 0.000000 0.000000 0.000000 0.000000 1.000000
0.999618 0.027089 -0.005417 0.000000 -0.027584 0.968026 -0.249330 12.789500 -0.001510 0.249384 0.968403 0.000000 0.000000 0.000000 0.000000 1.000000
0.999603 0.026375 -0.009860 0.000000 -0.027984 0.969409 -0.243851 12.789500 0.003126 0.244031 0.969762 0.000000 0.000000 0.000000 0.000000 1.000000
0.999616 0.024322 -0.013309 0.000000 -0.026813 0.970201 -0.240813 12.789500 0.007056 0.241077 0.970480 0.000000 0.000000 0.000000 0.000000 1.000000
0.999541 0.027937 -0.011731 0.000000 -0.029888 0.972705 -0.230111 12.789500 0.004983 0.230356 0.973094 0.000000 0.000000 0.000000 0.000000 1.000000
0.999580 0.026907 -0.010780 0.000000 -0.028594 0.976300 -0.214526 12.789500 0.004752 0.214745 0.976659 0.000000 0.000000 0.000000 0.000000 1.000000
0.999690 0.023120 -0.009213 0.000000 -0.024487 0.979888 -0.198039 12.789500 0.004450 0.198203 0.980151 0.000000 0.000000 0.000000 0.000000 1.000000
0.999750 0.017295 -0.014171 0.000000 -0.019643 0.982141 -0.187116 12.789500 0.010682 0.187347 0.982236 0.000000 0.000000 0.000000 0.000000 1.000000
0.999740 0.011441 -0.019725 -0.000000 -0.014866 0.982934 -0.183359 12.789500 0.017290 0.183605 0.982848 0.000000 0.000000 0.000000 0.000000 1.000000
0.999806 0.005950 -0.018767 0.000000 -0.009250 0.983442 -0.180987 12.789500 0.017379 0.181125 0.983306 0.000000 0.000000 0.000000 0.000000 1.000000
0.999886 0.000684 -0.015097 0.000000 -0.003383 0.983747 -0.179531 12.789500 0.014729 0.179561 0.983637 0.000000 0.000000 0.000000 0.000000 1.000000
0.999944 -0.004592 -0.009585 0.000000 0.002815 0.984063 -0.177801 12.789500 0.010249 0.177764 0.984020 0.000000 0.000000 0.000000 0.000000 1.000000
0.999944 -0.010111 -0.003102 -0.000000 0.009414 0.984591 -0.174621 12.789500 0.004820 0.174582 0.984631 0.000000 0.000000 0.000000 0.000000 1.000000
0.999864 -0.016108 0.003481 0.000000 0.016465 0.985507 -0.168833 12.789500 -0.000711 0.168868 0.985638 0.000000 0.000000 0.000000 0.000000 1.000000
0.999696 -0.022817 0.009295 0.000000 0.024007 0.986939 -0.159297 12.789500 -0.005539 0.159472 0.987187 0.000000 0.000000 0.000000 0.000000 1.000000
0.999445 -0.030471 0.013468 0.000000 0.032103 0.988927 -0.144889 12.789500 -0.008904 0.145241 0.989356 0.000000 0.000000 0.000000 0.000000 1.000000
0.999025 -0.041348 0.015477 -0.000000 0.042861 0.992393 -0.115411 12.789500 -0.010587 0.115961 0.993197 0.000000 0.000000 0.000000 0.000000 1.000000
0.998300 -0.054885 0.019599 0.000000 0.056375 0.994698 -0.086014 12.789500 -0.014774 0.086973 0.996101 0.000000 0.000000 0.000000 0.000000 1.000000</float_array>
        <technique_common>
          <accessor source="#mixamorig_Spine2-Matrix-animation-output-transform-array" count="51" stride="16">
            <param type="float4x4"/>
          </accessor>
        </technique_common>
      </source>
      <source id="mixamorig_Spine2-Interpolations">
        <Name_array id="mixamorig_Spine2-Interpolations-array" count="51">
