<?xml version="1.0" encoding="utf-8"?>
<COLLADA xmlns="http://www.collada.org/2005/11/COLLADASchema" version="1.4.1">
  <asset>
    <contributor>
      <author>Mixamo</author>
      <authoring_tool>COLLADA Mixamo exporter</authoring_tool>
      <comments/>
    </contributor>
    <created>2024-12-14T14:21:54Z</created>
    <modified>2024-12-14T14:21:54Z</modified>
    <revision/>
    <title/>
    <unit meter="0.010000"/>
    <up_axis>Y_UP</up_axis>
  </asset>
  <library_animations>
    <animation id="mixamorig_Hips-anim" name="mixamorig_Hips">
      <source id="mixamorig_Hips-Matrix-animation-input">
        <float_array id="mixamorig_Hips-Matrix-animation-input-array" count="213">

0.000000 0.033333 0.066667 0.100000 0.133333 0.166667 0.200000 0.233333 0.266667 0.300000 0.333333 0.366667 0.400000 0.433333 0.466667 0.500000
0.533333 0.566667 0.600000 0.633333 0.666667 0.700000 0.733333 0.766667 0.800000 0.833333 0.866667 0.900000 0.933333 0.966667 1.000000 1.033333
1.066667 1.100000 1.133333 1.166667 1.200000 1.233333 1.266667 1.300000 1.333333 1.366667 1.400000 1.433333 1.466667 1.500000 1.533333 1.566667
1.600000 1.633333 1.666667 1.700000 1.733333 1.766667 1.800000 1.833333 1.866667 1.900000 1.933333 1.966667 2.000000 2.033333 2.066667 2.100000
2.133333 2.166667 2.200000 2.233333 2.266667 2.300000 2.333333 2.366667 2.400000 2.433333 2.466667 2.500000 2.533333 2.566667 2.600000 2.633333
2.666667 2.700000 2.733333 2.766667 2.800000 2.833333 2.866667 2.900000 2.933333 2.966667 3.000000 3.033333 3.066667 3.100000 3.133333 3.166667
3.200000 3.233333 3.266667 3.300000 3.333333 3.366667 3.400000 3.433333 3.466667 3.500000 3.533333 3.566667 3.600000 3.633333 3.666667 3.700000
3.733333 3.766667 3.800000 3.833333 3.866667 3.900000 3.933333 3.966667 4.000000 4.033333 4.066667 4.100000 4.133333 4.166667 4.200000 4.233333
4.266667 4.300000 4.333333 4.366667 4.400000 4.433333 4.466667 4.500000 4.533333 4.566667 4.600000 4.633333 4.666667 4.700000 4.733333 4.766667
4.800000 4.833333 4.866667 4.900000 4.933333 4.966667 5.000000 5.033333 5.066667 5.100000 5.133333 5.166667 5.200000 5.233333 5.266667 5.300000
5.333333 5.366667 5.400000 5.433333 5.466667 5.500000 5.533333 5.566667 5.600000 5.633333 5.666667 5.700000 5.733333 5.766667 5.800000 5.833333
5.866667 5.900000 5.933333 5.966667 6.000000 6.033333 6.066667 6.100000 6.133333 6.166667 6.200000 6.233333 6.266667 6.300000 6.333333 6.366667
6.400000 6.433333 6.466667 6.500000 6.533333 6.566667 6.600000 6.633333 6.666667 6.700000 6.733333 6.766667 6.800000 6.833333 6.866667 6.900000
6.933333 6.966667 7.000000 7.033333 7.066667</float_array>
        <technique_common>
          <accessor source="#mixamorig_Hips-Matrix-animation-input-array" count="213">
            <param name="TIME" type="float"/>
          </accessor>
        </technique_common>
      </source>
      <source id="mixamorig_Hips-Matrix-animation-output-transform">
        <float_array id="mixamorig_Hips-Matrix-animation-output-transform-array" count="3408">

0.792154 -0.231150 -0.564855 -4.327727 -0.022724 0.913693 -0.405769 101.179886 0.609898 0.334267 0.718533 -1.331279 0.000000 0.000000 0.000000 1.000000
0.814814 -0.250880 -0.522625 -3.500841 0.007986 0.906281 -0.422600 101.238564 0.579667 0.340167 0.740454 -1.674046 0.000000 0.000000 0.000000 1.000000
0.835577 -0.277263 -0.474275 -2.787194 0.046316 0.895781 -0.442077 101.173721 0.547418 0.347422 0.761335 -1.882955 0.000000 0.000000 0.000000 1.000000
0.842008 -0.301284 -0.447494 -2.439225 0.073869 0.886091 -0.457587 101.019485 0.534384 0.352236 0.768351 -1.826765 0.000000 0.000000 0.000000 1.000000
0.832627 -0.314001 -0.456219 -2.585628 0.078628 0.882422 -0.463841 100.893677 0.548225 0.350335 0.759418 -1.508007 0.000000 0.000000 0.000000 1.000000
0.814415 -0.307636 -0.492025 -3.231263 0.060687 0.888410 -0.455022 100.877602 0.577101 0.340717 0.742204 -0.982172 0.000000 0.000000 0.000000 1.000000
0.795306 -0.280682 -0.537314 -4.326262 0.029796 0.903380 -0.427804 101.023239 0.605476 0.324225 0.726826 -0.290503 0.000000 0.000000 0.000000 1.000000
0.780534 -0.235820 -0.578927 -5.685546 -0.005500 0.923488 -0.383589 101.283073 0.625089 0.302588 0.719516 0.511793 0.000000 0.000000 0.000000 1.000000
0.773071 -0.178520 -0.608680 -7.054078 -0.041753 0.943178 -0.329654 101.581268 0.632944 0.280260 0.721690 1.401619 0.000000 0.000000 0.000000 1.000000
0.774234 -0.115828 -0.622210 -8.253070 -0.079236 0.957636 -0.276865 101.832657 0.627920 0.263659 0.732257 2.430823 0.000000 0.000000 0.000000 1.000000
0.781775 -0.056055 -0.621036 -9.223155 -0.114426 0.966143 -0.231246 102.066864 0.612972 0.251845 0.748892 3.596753 0.000000 0.000000 0.000000 1.000000
0.791088 -0.000482 -0.611702 -9.895827 -0.146496 0.970750 -0.190221 102.227600 0.593902 0.240093 0.767878 4.793509 0.000000 0.000000 0.000000 1.000000
0.794899 0.053384 -0.604389 -10.188543 -0.176598 0.973351 -0.146290 102.343513 0.580473 0.223020 0.783143 5.890686 0.000000 0.000000 0.000000 1.000000
0.785927 0.112393 -0.608018 -9.996500 -0.209508 0.973578 -0.090843 102.397423 0.581743 0.198781 0.788709 6.771215 0.000000 0.000000 0.000000 1.000000
0.762892 0.181494 -0.620529 -9.284883 -0.244887 0.969393 -0.017539 102.376923 0.598353 0.165339 0.783987 7.315366 0.000000 0.000000 0.000000 1.000000
0.732918 0.254541 -0.630904 -8.098231 -0.269810 0.960073 0.073909 102.168091 0.624527 0.116055 0.772333 7.424165 0.000000 0.000000 0.000000 1.000000
0.703596 0.327009 -0.630887 -6.276051 -0.283072 0.943320 0.173257 101.705574 0.651784 0.056683 0.756283 7.089572 0.000000 0.000000 0.000000 1.000000
0.677963 0.386537 -0.625263 -3.873868 -0.281985 0.922269 0.264395 101.096756 0.678860 -0.002935 0.734262 6.465141 0.000000 0.000000 0.000000 1.000000
0.656881 0.417778 -0.627669 -1.215349 -0.256832 0.906654 0.334687 100.041252 0.708904 -0.058644 0.702863 5.740846 0.000000 0.000000 0.000000 1.000000
0.638232 0.421563 -0.644162 1.517709 -0.215862 0.901173 0.375886 98.717133 0.738961 -0.100853 0.666157 5.140975 0.000000 0.000000 0.000000 1.000000
0.622600 0.402424 -0.671136 4.321579 -0.173516 0.907283 0.383054 97.329117 0.763060 -0.122037 0.634702 4.720057 0.000000 0.000000 0.000000 1.000000
0.614512 0.361895 -0.701004 7.233529 -0.136855 0.924005 0.357051 95.931763 0.776946 -0.123476 0.617340 4.373239 0.000000 0.000000 0.000000 1.000000
0.613661 0.298289 -0.731057 10.167359 -0.100309 0.947843 0.302542 94.607048 0.783172 -0.112327 0.611575 4.006730 0.000000 0.000000 0.000000 1.000000
0.608887 0.208108 -0.765472 12.834422 -0.054175 0.973630 0.221607 93.617165 0.791405 -0.093464 0.604105 3.652814 0.000000 0.000000 0.000000 1.000000
0.588304 0.094189 -0.803136 14.969880 -0.006021 0.993676 0.112125 93.065872 0.808617 -0.061128 0.585151 3.411021 0.000000 0.000000 0.000000 1.000000
0.557035 -0.030788 -0.829918 16.444880 0.033700 0.999327 -0.014453 92.999268 0.829805 -0.019918 0.557698 3.369638 0.000000 0.000000 0.000000 1.000000
0.531715 -0.131880 -0.836592 17.414543 0.059640 0.991180 -0.118344 93.406273 0.844821 0.013031 0.534891 3.506931 0.000000 0.000000 0.000000 1.000000
0.519101 -0.176564 -0.836277 17.989006 0.074142 0.984044 -0.161740 93.948845 0.851491 0.021957 0.523909 3.743657 0.000000 0.000000 0.000000 1.000000
0.514409 -0.153754 -0.843649 18.083826 0.070518 0.988048 -0.137072 94.362701 0.854641 0.011019 0.519103 4.091577 0.000000 0.000000 0.000000 1.000000
0.509350 -0.070407 -0.857674 17.388205 0.041319 0.997499 -0.057347 94.698242 0.859567 -0.006229 0.510986 4.681212 0.000000 0.000000 0.000000 1.000000
0.501495 0.053776 -0.863488 15.808008 -0.007680 0.998304 0.057711 95.350052 0.865127 -0.022310 0.501057 5.571914 0.000000 0.000000 0.000000 1.000000
0.504908 0.186328 -0.842822 13.743488 -0.063618 0.981801 0.178941 96.571381 0.860825 -0.036730 0.507573 6.601131 0.000000 0.000000 0.000000 1.000000
0.537651 0.286843 -0.792876 11.772025 -0.118387 0.956720 0.265839 98.088142 0.834815 -0.049062 0.548340 7.528310 0.000000 0.000000 0.000000 1.000000
0.601791 0.332229 -0.726272 10.257526 -0.169544 0.941787 0.290330 99.481552 0.780450 -0.051582 0.623087 8.259986 0.000000 0.000000 0.000000 1.000000
0.682802 0.330372 -0.651640 9.199591 -0.213013 0.943190 0.254985 100.479355 0.698861 -0.035297 0.714386 8.789500 0.000000 0.000000 0.000000 1.000000
0.760178 0.307341 -0.572425 8.465253 -0.243945 0.951596 0.186964 101.151436 0.602180 -0.002486 0.798357 9.058455 0.000000 0.000000 0.000000 1.000000
0.822478 0.276751 -0.496930 7.905369 -0.254990 0.960342 0.112796 101.664429 0.508440 0.033940 0.860429 8.973952 0.000000 0.000000 0.000000 1.000000
0.870757 0.242782 -0.427597 7.525961 -0.251011 0.967237 0.038022 102.290894 0.422819 0.074223 0.903170 8.551354 0.000000 0.000000 0.000000 1.000000
0.911325 0.207186 -0.355755 7.267275 -0.237224 0.970526 -0.042468 103.013580 0.336471 0.123096 0.933614 7.901542 0.000000 0.000000 0.000000 1.000000
0.945719 0.177184 -0.272436 7.038127 -0.217477 0.967977 -0.125394 103.665245 0.241495 0.177836 0.953968 7.119826 0.000000 0.000000 0.000000 1.000000
0.970788 0.158865 -0.179812 6.742129 -0.193646 0.961252 -0.196206 104.186424 0.141675 0.225294 0.963935 6.210873 0.000000 0.000000 0.000000 1.000000
0.984435 0.152895 -0.086665 6.365691 -0.169828 0.954487 -0.245178 104.648209 0.045234 0.256080 0.965597 5.146811 0.000000 0.000000 0.000000 1.000000
0.988071 0.153967 0.003206 5.911370 -0.147062 0.949526 -0.277079 105.101006 -0.045705 0.273303 0.960842 3.963934 0.000000 0.000000 0.000000 1.000000
0.982972 0.159372 0.091468 5.372871 -0.125005 0.944809 -0.302837 105.454292 -0.134684 0.286246 0.948643 2.778820 0.000000 0.000000 0.000000 1.000000
0.968979 0.171348 0.178098 4.779148 -0.105653 0.938661 -0.328258 105.654297 -0.223420 0.299258 0.927647 1.717436 0.000000 0.000000 0.000000 1.000000
0.946669 0.188402 0.261386 4.162697 -0.088871 0.932442 -0.350220 105.697853 -0.309709 0.308312 0.899458 0.808973 0.000000 0.000000 0.000000 1.000000
0.917803 0.204241 0.340474 3.487096 -0.073080 0.929793 -0.360756 105.604187 -0.390252 0.306221 0.868293 0.000334 0.000000 0.000000 0.000000 1.000000
0.884354 0.213199 0.415287 2.663032 -0.057278 0.932452 -0.356726 105.364212 -0.463289 0.291685 0.836829 -0.706533 0.000000 0.000000 0.000000 1.000000
0.846809 0.212762 0.487490 1.628118 -0.038294 0.938521 -0.343092 104.917580 -0.530517 0.271866 0.802895 -1.217547 0.000000 0.000000 0.000000 1.000000
0.802420 0.202716 0.561274 0.379265 -0.012033 0.945841 -0.324406 104.259529 -0.596639 0.253556 0.761401 -1.489115 0.000000 0.000000 0.000000 1.000000
0.748507 0.183532 0.637223 -1.049487 0.020436 0.954096 -0.298803 103.461235 -0.662812 0.236678 0.710397 -1.610386 0.000000 0.000000 0.000000 1.000000
0.689285 0.157356 0.707196 -2.504765 0.050083 0.963444 -0.263188 102.748466 -0.722757 0.216830 0.656206 -1.660319 0.000000 0.000000 0.000000 1.000000
0.636579 0.123975 0.761181 -3.862717 0.074297 0.972545 -0.220536 102.072487 -0.767624 0.196942 0.609891 -1.662963 0.000000 0.000000 0.000000 1.000000
0.601360 0.089494 0.793950 -4.897236 0.090020 0.979791 -0.178625 101.445755 -0.793891 0.178889 0.581151 -1.561107 0.000000 0.000000 0.000000 1.000000
0.586620 0.058299 0.807761 -5.496969 0.098983 0.984766 -0.142959 101.135941 -0.803791 0.163818 0.571913 -1.326039 0.000000 0.000000 0.000000 1.000000
0.591823 0.031975 0.805434 -5.777150 0.104429 0.987751 -0.115946 101.106461 -0.799275 0.152730 0.581234 -1.049831 0.000000 0.000000 0.000000 1.000000
0.616969 0.016441 0.786816 -5.959400 0.104766 0.989167 -0.102820 101.179123 -0.779983 0.145868 0.608563 -0.921248 0.000000 0.000000 0.000000 1.000000
0.659157 0.020394 0.751729 -6.228147 0.096882 0.988999 -0.111783 101.306068 -0.745739 0.146512 0.649929 -1.115985 0.000000 0.000000 0.000000 1.000000
0.710021 0.044430 0.702777 -6.569883 0.080275 0.986395 -0.143462 101.518814 -0.699590 0.158276 0.696795 -1.593657 0.000000 0.000000 0.000000 1.000000
0.758836 0.076204 0.646808 -6.769644 0.059963 0.980739 -0.185894 101.782059 -0.648515 0.179847 0.739651 -2.049686 0.000000 0.000000 0.000000 1.000000
0.796582 0.098217 0.596499 -6.581060 0.046353 0.973886 -0.222256 102.018661 -0.602751 0.204694 0.771227 -2.155631 0.000000 0.000000 0.000000 1.000000
0.816085 0.100038 0.569207 -5.954155 0.046950 0.970174 -0.237821 102.165977 -0.576021 0.220806 0.787048 -1.851315 0.000000 0.000000 0.000000 1.000000
0.813186 0.081857 0.576219 -5.118822 0.061416 0.972463 -0.224820 102.230652 -0.578754 0.218210 0.785766 -1.319115 0.000000 0.000000 0.000000 1.000000
0.791231 0.048391 0.609600 -4.323782 0.083753 0.978895 -0.186413 102.266373 -0.605755 0.198551 0.770479 -0.665475 0.000000 0.000000 0.000000 1.000000
0.760512 0.004129 0.649311 -3.619496 0.109335 0.984887 -0.134323 102.250099 -0.640053 0.173147 0.748567 0.165950 0.000000 0.000000 0.000000 1.000000
0.730638 -0.044923 0.681286 -2.918106 0.135455 0.987536 -0.080151 102.214546 -0.669194 0.150846 0.727616 1.215190 0.000000 0.000000 0.000000 1.000000
0.706209 -0.096628 0.701379 -2.251957 0.163257 0.986171 -0.028517 102.141273 -0.688924 0.134644 0.712218 2.357311 0.000000 0.000000 0.000000 1.000000
0.687458 -0.152360 0.710062 -1.766798 0.193030 0.980909 0.023591 102.067772 -0.700101 0.120845 0.703744 3.392796 0.000000 0.000000 0.000000 1.000000
0.671215 -0.215702 0.709184 -1.636494 0.224544 0.970940 0.082794 101.985466 -0.706435 0.103670 0.700145 4.126064 0.000000 0.000000 0.000000 1.000000
0.652885 -0.287423 0.700806 -1.952034 0.254952 0.954612 0.153999 101.868958 -0.713260 0.078128 0.696531 4.394282 0.000000 0.000000 0.000000 1.000000
0.630251 -0.360875 0.687425 -2.735441 0.277646 0.931620 0.234515 101.668053 -0.725050 0.043058 0.687349 4.109003 0.000000 0.000000 0.000000 1.000000
0.606614 -0.423557 0.672769 -3.968107 0.284126 0.905869 0.314123 101.179993 -0.742490 0.000600 0.669857 3.376230 0.000000 0.000000 0.000000 1.000000
0.586034 -0.465297 0.663373 -5.570684 0.268734 0.883961 0.382616 100.197342 -0.764426 -0.045956 0.643072 2.417966 0.000000 0.000000 0.000000 1.000000
0.566109 -0.483523 0.667627 -7.353672 0.231789 0.870596 0.433977 98.830841 -0.791072 -0.090930 0.604928 1.410452 0.000000 0.000000 0.000000 1.000000
0.541657 -0.479809 0.690211 -9.078031 0.178528 0.868025 0.463315 97.325966 -0.821423 -0.127736 0.555831 0.427037 0.000000 0.000000 0.000000 1.000000
0.511718 -0.456860 0.727615 -10.629456 0.120489 0.876689 0.465723 95.827759 -0.850663 -0.150649 0.503664 -0.510191 0.000000 0.000000 0.000000 1.000000
0.480612 -0.416424 0.771753 -12.054082 0.068712 0.895236 0.440262 94.376404 -0.874237 -0.158566 0.458874 -1.401773 0.000000 0.000000 0.000000 1.000000
0.454421 -0.357775 0.815781 -13.402630 0.025491 0.920646 0.389566 93.032494 -0.890422 -0.156232 0.427481 -2.261184 0.000000 0.000000 0.000000 1.000000
0.436594 -0.277604 0.855758 -14.618833 -0.008422 0.949900 0.312440 92.019173 -0.899619 -0.143616 0.412383 -3.049166 0.000000 0.000000 0.000000 1.000000
0.425210 -0.173264 0.888356 -15.528675 -0.027416 0.978590 0.203986 91.580627 -0.904679 -0.111092 0.411356 -3.616922 0.000000 0.000000 0.000000 1.000000
0.418352 -0.056680 0.906515 -15.992825 -0.034217 0.996359 0.078088 91.756241 -0.907640 -0.063687 0.414889 -3.826406 0.000000 0.000000 0.000000 1.000000
0.415585 0.035571 0.908859 -16.062225 -0.047821 0.998707 -0.017221 92.311386 -0.908296 -0.036306 0.416749 -3.765391 0.000000 0.000000 0.000000 1.000000
0.409452 0.068200 0.909779 -15.857917 -0.080800 0.995994 -0.038299 92.900803 -0.908747 -0.057829 0.413323 -3.667670 0.000000 0.000000 0.000000 1.000000
0.398743 0.045339 0.915941 -15.294277 -0.116628 0.993174 0.001610 93.386604 -0.909616 -0.107466 0.401309 -3.459252 0.000000 0.000000 0.000000 1.000000
0.408000 -0.006117 0.912962 -14.179783 -0.133757 0.988787 0.066401 94.027550 -0.903131 -0.149207 0.402607 -2.709588 0.000000 0.000000 0.000000 1.000000
0.461976 -0.062553 0.884684 -12.563197 -0.127462 0.982471 0.136027 95.061874 -0.877685 -0.175605 0.445905 -1.396580 0.000000 0.000000 0.000000 1.000000
0.550209 -0.103510 0.828586 -10.831507 -0.096472 0.977763 0.186206 96.470078 -0.829435 -0.182388 0.527988 0.009375 0.000000 0.000000 0.000000 1.000000
0.637770 -0.118477 0.761060 -9.358029 -0.051744 0.979276 0.195810 97.946198 -0.768487 -0.164262 0.618422 1.222432 0.000000 0.000000 0.000000 1.000000
0.707170 -0.110542 0.698348 -8.355672 -0.013166 0.985473 0.169324 99.104828 -0.706921 -0.128936 0.695442 2.146644 0.000000 0.000000 0.000000 1.000000
0.757950 -0.090423 0.646015 -7.912043 0.013455 0.992302 0.123107 99.982857 -0.652174 -0.084617 0.753332 2.689049 0.000000 0.000000 0.000000 1.000000
0.793426 -0.066389 0.605035 -7.915419 0.031789 0.997197 0.067732 100.755447 -0.607836 -0.034507 0.793313 2.804783 0.000000 0.000000 0.000000 1.000000
0.822765 -0.041960 0.566831 -8.146823 0.045453 0.998935 0.007970 101.517944 -0.566561 0.019207 0.823796 2.555074 0.000000 0.000000 0.000000 1.000000
0.857467 -0.022634 0.514041 -8.442585 0.056155 0.997181 -0.049764 102.269562 -0.511465 0.071537 0.856321 2.067635 0.000000 0.000000 0.000000 1.000000
0.901231 -0.014686 0.433089 -8.723036 0.064057 0.992961 -0.099628 102.921303 -0.428578 0.117530 0.895828 1.471829 0.000000 0.000000 0.000000 1.000000
0.946049 -0.021209 0.323330 -9.003565 0.070994 0.987177 -0.142972 103.431938 -0.316152 0.158213 0.935423 0.862517 0.000000 0.000000 0.000000 1.000000
0.979756 -0.037792 0.196594 -9.242435 0.074779 0.980025 -0.184279 103.863602 -0.185702 0.195249 0.963012 0.283800 0.000000 0.000000 0.000000 1.000000
0.996013 -0.058401 0.067439 -9.395931 0.072174 0.971835 -0.224340 104.264343 -0.052438 0.228313 0.972175 -0.216848 0.000000 0.000000 0.000000 1.000000
0.995271 -0.081027 -0.053574 -9.440841 0.064477 0.963581 -0.259528 104.588333 0.072651 0.254847 0.964248 -0.622644 0.000000 0.000000 0.000000 1.000000
0.981704 -0.106202 -0.158044 -9.393046 0.057390 0.956442 -0.286225 104.799065 0.181558 0.271919 0.945038 -0.922199 0.000000 0.000000 0.000000 1.000000
0.961036 -0.133070 -0.242286 -9.249255 0.054846 0.950869 -0.304696 104.836891 0.270928 0.279535 0.921118 -1.097661 0.000000 0.000000 0.000000 1.000000
0.937399 -0.160324 -0.309158 -9.017551 0.057265 0.946608 -0.317260 104.741600 0.343516 0.279695 0.896531 -1.143995 0.000000 0.000000 0.000000 1.000000
0.912825 -0.183712 -0.364693 -8.676305 0.060106 0.943805 -0.324992 104.488319 0.403904 0.274740 0.872571 -1.079639 0.000000 0.000000 0.000000 1.000000
0.887939 -0.200109 -0.414151 -8.208410 0.059165 0.942614 -0.328601 104.084351 0.456141 0.267275 0.848823 -0.926904 0.000000 0.000000 0.000000 1.000000
0.862395 -0.209909 -0.460666 -7.575200 0.053118 0.942480 -0.330015 103.444885 0.503441 0.260134 0.823940 -0.702389 0.000000 0.000000 0.000000 1.000000
0.836902 -0.211404 -0.504880 -6.701436 0.038434 0.942823 -0.331071 102.816910 0.546002 0.257669 0.797175 -0.440675 0.000000 0.000000 0.000000 1.000000
0.815095 -0.206125 -0.541418 -5.609121 0.017009 0.942674 -0.333281 102.298065 0.579078 0.262446 0.771875 -0.240507 0.000000 0.000000 0.000000 1.000000
0.802851 -0.202187 -0.560848 -4.478176 -0.001632 0.939987 -0.341205 101.957085 0.596177 0.274853 0.754340 -0.174824 0.000000 0.000000 0.000000 1.000000
0.802762 -0.208429 -0.558687 -3.476840 -0.007959 0.933094 -0.359545 101.677002 0.596247 0.293076 0.747393 -0.228029 0.000000 0.000000 0.000000 1.000000
0.809643 -0.228330 -0.540688 -2.803174 0.003885 0.923290 -0.384085 101.525925 0.586910 0.308871 0.748422 -0.244119 0.000000 0.000000 0.000000 1.000000
0.815201 -0.251396 -0.521773 -2.472766 0.024550 0.915075 -0.402536 101.473907 0.578657 0.315338 0.752142 -0.110463 0.000000 0.000000 0.000000 1.000000
0.815177 -0.264077 -0.515510 -2.445133 0.039064 0.913058 -0.405954 101.507385 0.577893 0.310787 0.754620 0.192818 0.000000 0.000000 0.000000 1.000000
0.811026 -0.258999 -0.524553 -2.726604 0.038078 0.918127 -0.394454 101.598465 0.583769 0.299938 0.754487 0.640762 0.000000 0.000000 0.000000 1.000000
0.806836 -0.236242 -0.541485 -3.358443 0.023056 0.928459 -0.370719 101.766983 0.590326 0.286625 0.754560 1.197718 0.000000 0.000000 0.000000 1.000000
0.805035 -0.197721 -0.559308 -4.292378 -0.000258 0.942705 -0.333627 102.063118 0.593228 0.268726 0.758859 1.811091 0.000000 0.000000 0.000000 1.000000
0.804313 -0.144032 -0.576485 -5.292989 -0.030875 0.958737 -0.282613 102.387054 0.593403 0.245108 0.766678 2.433849 0.000000 0.000000 0.000000 1.000000
0.800799 -0.081901 -0.593307 -6.137925 -0.067047 0.972122 -0.224687 102.698257 0.595168 0.219709 0.772983 3.092216 0.000000 0.000000 0.000000 1.000000
0.791613 -0.018285 -0.610750 -6.669186 -0.107747 0.979711 -0.168985 102.905067 0.601448 0.199577 0.773582 3.806366 0.000000 0.000000 0.000000 1.000000
0.777277 0.044421 -0.627588 -6.808479 -0.148953 0.982139 -0.114964 102.945328 0.611272 0.182841 0.770010 4.520727 0.000000 0.000000 0.000000 1.000000
0.759242 0.111506 -0.641185 -6.440138 -0.188783 0.980587 -0.053013 102.790001 0.622826 0.161295 0.765553 5.072954 0.000000 0.000000 0.000000 1.000000
0.737261 0.187018 -0.649207 -5.451906 -0.224307 0.974174 0.025901 102.456528 0.637285 0.126526 0.760170 5.255888 0.000000 0.000000 0.000000 1.000000
0.713117 0.263020 -0.649834 -3.841849 -0.246113 0.961879 0.119239 101.851685 0.656424 0.074902 0.750665 4.950152 0.000000 0.000000 0.000000 1.000000
0.690497 0.330674 -0.643326 -1.610079 -0.255979 0.943544 0.210238 101.311440 0.676527 0.019509 0.736160 4.310930 0.000000 0.000000 0.000000 1.000000
0.675460 0.362874 -0.641931 0.906581 -0.233920 0.931019 0.280153 100.311447 0.699310 -0.039071 0.713750 3.520912 0.000000 0.000000 0.000000 1.000000
0.666232 0.361852 -0.652072 3.546688 -0.192422 0.928194 0.318479 99.066879 0.720492 -0.086708 0.688021 2.780186 0.000000 0.000000 0.000000 1.000000
0.661605 0.338336 -0.669184 6.188836 -0.148042 0.933792 0.325756 97.724739 0.735094 -0.116455 0.667889 2.089073 0.000000 0.000000 0.000000 1.000000
0.660164 0.298626 -0.689207 8.765057 -0.106995 0.945601 0.307232 96.474136 0.743461 -0.129082 0.656203 1.383065 0.000000 0.000000 0.000000 1.000000
0.654597 0.268527 -0.706680 11.146576 -0.078678 0.953911 0.289591 95.524200 0.751873 -0.133965 0.645555 0.418257 0.000000 0.000000 0.000000 1.000000
0.646465 0.238366 -0.724752 13.448643 -0.052228 0.961539 0.269657 94.707504 0.761154 -0.136471 0.634051 -0.631799 0.000000 0.000000 0.000000 1.000000
0.633800 0.192243 -0.749226 15.674606 -0.019869 0.972349 0.232686 93.950653 0.773241 -0.132590 0.620095 -1.583814 0.000000 0.000000 0.000000 1.000000
0.610209 0.109008 -0.784705 17.799101 0.028026 0.986899 0.158889 93.239853 0.791745 -0.118947 0.599159 -2.193109 0.000000 0.000000 0.000000 1.000000
0.581067 -0.010102 -0.813793 19.439655 0.074955 0.996337 0.041152 92.907837 0.810397 -0.084909 0.579696 -2.372089 0.000000 0.000000 0.000000 1.000000
0.568669 -0.115213 -0.814458 20.626188 0.102306 0.992361 -0.068946 92.992561 0.816180 -0.044117 0.576111 -2.386668 0.000000 0.000000 0.000000 1.000000
0.576605 -0.172298 -0.798649 21.509892 0.116781 0.984854 -0.128157 93.292892 0.808634 -0.019371 0.587993 -2.349967 0.000000 0.000000 0.000000 1.000000
0.592752 -0.168778 -0.787502 22.002241 0.121415 0.985347 -0.119790 93.561638 0.796180 -0.024609 0.604559 -2.244889 0.000000 0.000000 0.000000 1.000000
0.606734 -0.111433 -0.787056 21.768932 0.110359 0.992345 -0.055424 93.720955 0.787207 -0.053231 0.614387 -1.924334 0.000000 0.000000 0.000000 1.000000
0.617428 -0.014014 -0.786502 20.679514 0.081109 0.995646 0.045933 94.052856 0.782435 -0.092153 0.615877 -1.296993 0.000000 0.000000 0.000000 1.000000
0.632348 0.107673 -0.767166 19.013687 0.036459 0.985060 0.168307 94.965866 0.773826 -0.134399 0.618975 -0.402568 0.000000 0.000000 0.000000 1.000000
0.664407 0.227473 -0.711913 17.200520 -0.025070 0.958803 0.282963 96.447281 0.746950 -0.170154 0.642738 0.643367 0.000000 0.000000 0.000000 1.000000
0.718572 0.308644 -0.623212 15.495697 -0.099416 0.932509 0.347194 97.896439 0.688310 -0.187527 0.700759 1.687795 0.000000 0.000000 0.000000 1.000000
0.780488 0.336603 -0.526817 14.061236 -0.169241 0.924974 0.340266 98.998276 0.601827 -0.176415 0.778898 2.649090 0.000000 0.000000 0.000000 1.000000
0.832619 0.330675 -0.444296 13.061757 -0.221393 0.934039 0.280281 99.688965 0.507671 -0.135003 0.850908 3.507942 0.000000 0.000000 0.000000 1.000000
0.869658 0.311603 -0.382882 12.385218 -0.249036 0.946607 0.204736 100.196182 0.426235 -0.082699 0.900824 4.248817 0.000000 0.000000 0.000000 1.000000
0.896253 0.285626 -0.339336 11.721088 -0.253283 0.957630 0.137088 100.678429 0.364114 -0.036918 0.930622 4.816660 0.000000 0.000000 0.000000 1.000000
0.918957 0.255905 -0.300051 11.070498 -0.245562 0.966675 0.072374 101.300507 0.308573 0.007173 0.951174 5.143147 0.000000 0.000000 0.000000 1.000000
0.942475 0.223572 -0.248508 10.545774 -0.231450 0.972844 -0.002556 102.007629 0.241188 0.059926 0.968627 5.152735 0.000000 0.000000 0.000000 1.000000
0.965131 0.194524 -0.175162 10.134423 -0.212009 0.973370 -0.087194 102.739944 0.153537 0.121289 0.980671 4.810548 0.000000 0.000000 0.000000 1.000000
0.980905 0.176653 -0.081355 9.710762 -0.188216 0.967597 -0.168319 103.529305 0.048985 0.180417 0.982370 4.137034 0.000000 0.000000 0.000000 1.000000
0.985456 0.168313 0.023379 9.152950 -0.158207 0.958964 -0.235283 104.206009 -0.062021 0.228162 0.971646 3.226424 0.000000 0.000000 0.000000 1.000000
0.977650 0.169123 0.124895 8.626989 -0.127593 0.949432 -0.286877 104.787346 -0.167097 0.264529 0.949791 2.228793 0.000000 0.000000 0.000000 1.000000
0.961378 0.175652 0.211891 8.213305 -0.100095 0.940288 -0.325330 105.136108 -0.256384 0.291556 0.921554 1.256970 0.000000 0.000000 0.000000 1.000000
0.941102 0.186185 0.282245 7.852799 -0.079202 0.932903 -0.351310 105.316826 -0.328716 0.308264 0.892703 0.344493 0.000000 0.000000 0.000000 1.000000
0.917898 0.198627 0.343527 7.406676 -0.063779 0.928299 -0.366324 105.403221 -0.391657 0.314338 0.864752 -0.533171 0.000000 0.000000 0.000000 1.000000
0.889427 0.210397 0.405774 6.797407 -0.048092 0.925908 -0.374676 105.407486 -0.454540 0.313732 0.833646 -1.396692 0.000000 0.000000 0.000000 1.000000
0.853596 0.219060 0.472637 6.034715 -0.027219 0.924802 -0.379475 105.271515 -0.520224 0.311054 0.795370 -2.196043 0.000000 0.000000 0.000000 1.000000
0.812754 0.221463 0.538874 5.111620 -0.001739 0.925854 -0.377878 104.910355 -0.582605 0.306184 0.752876 -2.812166 0.000000 0.000000 0.000000 1.000000
0.773317 0.213468 0.597002 3.940764 0.024579 0.930814 -0.364666 104.253448 -0.633542 0.296676 0.714568 -3.154028 0.000000 0.000000 0.000000 1.000000
0.740083 0.192184 0.644470 2.481800 0.052180 0.939000 -0.339935 103.382919 -0.670488 0.285208 0.684910 -3.203851 0.000000 0.000000 0.000000 1.000000
0.714863 0.160048 0.680702 0.921728 0.081093 0.947912 -0.308037 102.524666 -0.694546 0.275405 0.664649 -3.036392 0.000000 0.000000 0.000000 1.000000
0.700440 0.121514 0.703291 -0.495910 0.107716 0.956114 -0.272476 101.794968 -0.705536 0.266608 0.656611 -2.810092 0.000000 0.000000 0.000000 1.000000
0.699324 0.085523 0.709671 -1.568431 0.123542 0.963415 -0.237842 101.319016 -0.704048 0.254003 0.663173 -2.679702 0.000000 0.000000 0.000000 1.000000
0.709749 0.062327 0.701692 -2.280789 0.126542 0.968596 -0.214029 101.264748 -0.692996 0.240700 0.679574 -2.683486 0.000000 0.000000 0.000000 1.000000
0.728605 0.061853 0.682135 -2.669806 0.117842 0.969743 -0.213801 101.402512 -0.674720 0.236161 0.699272 -2.720668 0.000000 0.000000 0.000000 1.000000
0.754196 0.085285 0.651088 -2.713685 0.098528 0.965607 -0.240615 101.546776 -0.649215 0.245621 0.719854 -2.651089 0.000000 0.000000 0.000000 1.000000
0.781792 0.119821 0.611918 -2.379541 0.072738 0.957138 -0.280349 101.647629 -0.619282 0.263684 0.739568 -2.365638 0.000000 0.000000 0.000000 1.000000
0.800912 0.144726 0.581028 -1.685585 0.052835 0.949484 -0.309334 101.797897 -0.596446 0.278449 0.752807 -1.815346 0.000000 0.000000 0.000000 1.000000
0.800419 0.147515 0.581006 -0.693470 0.050881 0.949030 -0.311052 101.970894 -0.597277 0.278534 0.752116 -1.075280 0.000000 0.000000 0.000000 1.000000
0.775373 0.129806 0.618019 0.497398 0.065962 0.956646 -0.283687 102.094658 -0.628049 0.260729 0.733195 -0.266041 0.000000 0.000000 0.000000 1.000000
0.733666 0.098520 0.672331 1.735376 0.085553 0.968167 -0.235229 102.118355 -0.674103 0.230099 0.701882 0.602552 0.000000 0.000000 0.000000 1.000000
0.693938 0.058794 0.717630 2.855233 0.099324 0.979317 -0.176278 102.097900 -0.713151 0.193604 0.673745 1.595073 0.000000 0.000000 0.000000 1.000000
0.668815 0.012742 0.743320 3.754848 0.108155 0.987548 -0.114242 102.125557 -0.735520 0.156800 0.659109 2.686127 0.000000 0.000000 0.000000 1.000000
0.656432 -0.039198 0.753366 4.392159 0.119329 0.991472 -0.052388 102.181641 -0.744887 0.124288 0.655511 3.706439 0.000000 0.000000 0.000000 1.000000
0.648935 -0.095125 0.754873 4.773438 0.135031 0.990803 0.008775 102.285217 -0.748765 0.096237 0.655812 4.493904 0.000000 0.000000 0.000000 1.000000
0.640921 -0.157762 0.751220 4.786215 0.155946 0.985004 0.073809 102.373314 -0.751599 0.069844 0.655912 4.942556 0.000000 0.000000 0.000000 1.000000
0.631634 -0.234228 0.739037 4.239029 0.181856 0.971435 0.152457 102.344589 -0.753636 0.038101 0.656187 5.006856 0.000000 0.000000 0.000000 1.000000
0.623678 -0.322077 0.712245 3.059019 0.208102 0.946700 0.245873 102.094948 -0.753472 -0.005125 0.657460 4.695089 0.000000 0.000000 0.000000 1.000000
0.619718 -0.398694 0.676013 1.386783 0.224241 0.915398 0.334309 101.518448 -0.752107 -0.055588 0.656692 4.067842 0.000000 0.000000 0.000000 1.000000
0.617954 -0.441308 0.650676 -0.600706 0.221890 0.891857 0.394153 100.517311 -0.754253 -0.099190 0.649049 3.169367 0.000000 0.000000 0.000000 1.000000
0.613376 -0.448500 0.650090 -2.755455 0.200673 0.884606 0.420954 99.185455 -0.763872 -0.127748 0.632598 2.069301 0.000000 0.000000 0.000000 1.000000
0.602396 -0.432910 0.670603 -5.019477 0.165854 0.889696 0.425362 97.661911 -0.780776 -0.145014 0.607750 0.845018 0.000000 0.000000 0.000000 1.000000
0.583520 -0.403231 0.704917 -7.343050 0.122248 0.901743 0.414626 96.079361 -0.802845 -0.155767 0.575480 -0.420225 0.000000 0.000000 0.000000 1.000000
0.556461 -0.358041 0.749772 -9.610460 0.072164 0.919806 0.385680 94.528976 -0.827734 -0.160509 0.537674 -1.633660 0.000000 0.000000 0.000000 1.000000
0.524009 -0.294272 0.799261 -11.710861 0.021660 0.942717 0.332889 93.138885 -0.851437 -0.157124 0.500367 -2.707416 0.000000 0.000000 0.000000 1.000000
0.491741 -0.210725 0.844859 -13.545867 -0.018638 0.967505 0.252163 92.092651 -0.870542 -0.139746 0.471834 -3.586103 0.000000 0.000000 0.000000 1.000000
0.464539 -0.104089 0.879414 -14.978872 -0.040245 0.989561 0.138385 91.580246 -0.884638 -0.099677 0.455501 -4.250875 0.000000 0.000000 0.000000 1.000000
0.446844 0.026171 0.894229 -15.869447 -0.045082 0.998961 -0.006708 91.666771 -0.893475 -0.037317 0.447559 -4.691648 0.000000 0.000000 0.000000 1.000000
0.440210 0.156986 0.884065 -16.247065 -0.048904 0.987328 -0.150971 92.213837 -0.896562 0.023225 0.442309 -4.889366 0.000000 0.000000 0.000000 1.000000
0.443534 0.245249 0.862050 -16.289124 -0.069572 0.968352 -0.239696 92.929993 -0.893553 0.046339 0.446559 -4.788729 0.000000 0.000000 0.000000 1.000000
0.461603 0.269572 0.845135 -16.049236 -0.109899 0.962748 -0.247061 93.537354 -0.880253 0.021164 0.474033 -4.295305 0.000000 0.000000 0.000000 1.000000
0.501384 0.243765 0.830177 -15.435734 -0.155571 0.969253 -0.190645 94.007217 -0.851124 -0.033565 0.523891 -3.400633 0.000000 0.000000 0.000000 1.000000
0.565346 0.196657 0.801068 -14.390218 -0.188952 0.976215 -0.106304 94.519211 -0.802920 -0.091265 0.589059 -2.192091 0.000000 0.000000 0.000000 1.000000
0.649671 0.146817 0.745904 -13.111261 -0.195591 0.980425 -0.022622 95.410202 -0.734623 -0.131195 0.665670 -0.765390 0.000000 0.000000 0.000000 1.000000
0.742705 0.100798 0.661989 -11.919037 -0.173004 0.983925 0.044280 96.750458 -0.646884 -0.147414 0.748205 0.795780 0.000000 0.000000 0.000000 1.000000
0.828488 0.064831 0.556242 -11.087235 -0.133463 0.987514 0.083689 98.282082 -0.543871 -0.143573 0.826796 2.276723 0.000000 0.000000 0.000000 1.000000
0.895388 0.046493 0.442852 -10.697865 -0.095532 0.991434 0.089066 99.657555 -0.434918 -0.122055 0.892160 3.374822 0.000000 0.000000 0.000000 1.000000
0.940025 0.045635 0.338039 -10.677807 -0.070100 0.995703 0.060515 100.698502 -0.333825 -0.080583 0.939184 3.906675 0.000000 0.000000 0.000000 1.000000
0.966358 0.051848 0.251921 -10.919074 -0.055983 0.998389 0.009270 101.442261 -0.251034 -0.023062 0.967703 3.849649 0.000000 0.000000 0.000000 1.000000
0.981812 0.053235 0.182240 -11.278505 -0.045494 0.997886 -0.046403 102.031448 -0.184325 0.037268 0.982158 3.297418 0.000000 0.000000 0.000000 1.000000
0.992298 0.044314 0.115677 -11.561331 -0.033413 0.994961 -0.094536 102.547241 -0.119284 0.089942 0.988778 2.462360 0.000000 0.000000 0.000000 1.000000
0.998980 0.024183 0.038126 -11.677896 -0.018832 0.990675 -0.134935 103.094208 -0.041034 0.134080 0.990121 1.578533 0.000000 0.000000 0.000000 1.000000
0.998581 -0.003190 -0.053162 -11.625328 -0.006061 0.984912 -0.172952 103.616844 0.052911 0.173029 0.983494 0.754557 0.000000 0.000000 0.000000 1.000000
0.988212 -0.037871 -0.148333 -11.471533 0.005500 0.977077 -0.212815 103.949402 0.152992 0.209490 0.965768 -0.021198 0.000000 0.000000 0.000000 1.000000
0.968443 -0.080280 -0.235951 -11.240094 0.018301 0.967053 -0.253916 104.125565 0.248561 0.241585 0.938005 -0.741261 0.000000 0.000000 0.000000 1.000000
0.941892 -0.128829 -0.310231 -10.946160 0.034867 0.956041 -0.291152 104.261620 0.334102 0.263416 0.904979 -1.358759 0.000000 0.000000 0.000000 1.000000
0.912332 -0.175511 -0.369927 -10.517813 0.051542 0.945513 -0.321480 104.320602 0.406194 0.274230 0.871668 -1.810497 0.000000 0.000000 0.000000 1.000000
0.883828 -0.213608 -0.416196 -9.890911 0.062660 0.935704 -0.347176 104.070572 0.463596 0.280765 0.840387 -2.072685 0.000000 0.000000 0.000000 1.000000
0.857729 -0.245364 -0.451771 -9.182104 0.069679 0.926133 -0.370706 103.697739 0.509358 0.286486 0.811468 -2.170873 0.000000 0.000000 0.000000 1.000000
0.834097 -0.268216 -0.482020 -8.413449 0.069159 0.917781 -0.391018 103.150383 0.547266 0.292811 0.784067 -2.137230 0.000000 0.000000 0.000000 1.000000
0.813773 -0.278417 -0.510154 -7.637984 0.057810 0.912210 -0.405625 102.549286 0.578300 0.300595 0.758427 -1.976927 0.000000 0.000000 0.000000 1.000000
0.798011 -0.274128 -0.536686 -6.913656 0.035239 0.910257 -0.412542 101.970413 0.601612 0.310301 0.736055 -1.686789 0.000000 0.000000 0.000000 1.000000
0.786746 -0.258220 -0.560672 -6.282677 0.006486 0.911707 -0.410790 101.514984 0.617243 0.319551 0.718956 -1.327311 0.000000 0.000000 0.000000 1.000000
0.779879 -0.236694 -0.579452 -5.646784 -0.022104 0.914753 -0.403407 101.110062 0.625540 0.327417 0.708165 -1.087752 0.000000 0.000000 0.000000 1.000000
0.779987 -0.225559 -0.583732 -5.042863 -0.033701 0.916290 -0.399094 101.060959 0.624887 0.330961 0.707094 -1.082929 0.000000 0.000000 0.000000 1.000000
0.792154 -0.231149 -0.564855 -4.327735 -0.022724 0.913693 -0.405768 101.179916 0.609898 0.334267 0.718534 -1.331277 0.000000 0.000000 0.000000 1.000000</float_array>
        <technique_common>
          <accessor source="#mixamorig_Hips-Matrix-animation-output-transform-array" count="213" stride="16">
            <param type="float4x4"/>
          </accessor>
        </technique_common>
      </source>
      <source id="mixamorig_Hips-Interpolations">
        <Name_array id="mixamorig_Hips-Interpolations-array" count="213">
 LINEAR LINEAR LINEAR LINEAR LINEAR LINEAR LINEAR LINEAR LINEAR LINEAR LINEAR
LINEAR LINEAR LINEAR LINEAR LINEAR LINEAR LINEAR LINEAR LINEAR LINEAR LINEAR LINEAR
LINEAR LINEAR LINEAR LINEAR LINEAR LINEAR LINEAR LINEAR LINEAR LINEAR LINEAR LINEAR
LINEAR LINEAR LINEAR LINEAR LINEAR LINEAR LINEAR LINEAR LINEAR LINEAR LINEAR LINEAR
LINEAR LINEAR LINEAR LINEAR LINEAR LINEAR LINEAR LINEAR LINEAR LINEAR LINEAR LINEAR
LINEAR LINEAR LINEAR LINEAR LINEAR LINEAR LINEAR LINEAR LINEAR LINEAR LINEAR LINEAR
LINEAR LINEAR LINEAR LINEAR LINEAR LINEAR LINEAR LINEAR LINEAR LINEAR LINEAR LINEAR
LINEAR LINEAR LINEAR LINEAR LINEAR LINEAR LINEAR LINEAR LINEAR LINEAR LINEAR LINEAR
LINEAR LINEAR LINEAR LINEAR LINEAR LINEAR LINEAR LINEAR LINEAR LINEAR LINEAR LINEAR
LINEAR LINEAR LINEAR LINEAR LINEAR LINEAR LINEAR LINEAR LINEAR LINEAR LINEAR LINEAR
LINEAR LINEAR LINEAR LINEAR LINEAR LINEAR LINEAR LINEAR LINEAR LINEAR LINEAR LINEAR
LINEAR LINEAR LINEAR LINEAR LINEAR LINEAR LINEAR LINEAR LINEAR LINEAR LINEAR LINEAR
LINEAR LINEAR LINEAR LINEAR LINEAR LINEAR LINEAR LINEAR LINEAR LINEAR LINEAR LINEAR
LINEAR LINEAR LINEAR LINEAR LINEAR LINEAR LINEAR LINEAR LINEAR LINEAR LINEAR LINEAR
LINEAR LINEAR LINEAR LINEAR LINEAR LINEAR LINEAR LINEAR LINEAR LINEAR LINEAR LINEAR
LINEAR LINEAR LINEAR LINEAR LINEAR LINEAR LINEAR LINEAR LINEAR LINEAR LINEAR LINEAR
LINEAR LINEAR LINEAR LINEAR LINEAR LINEAR LINEAR LINEAR LINEAR LINEAR LINEAR LINEAR
LINEAR LINEAR LINEAR LINEAR LINEAR LINEAR LINEAR LINEAR LINEAR LINEAR</Name_array>
        <technique_common>
          <accessor source="#mixamorig_Hips-Interpolations-array" count="213">
            <param type="name"/>
          </accessor>
        </technique_common>
      </source>
      <sampler id="mixamorig_Hips-Matrix-animation-transform">
        <input semantic="INPUT" source="#mixamorig_Hips-Matrix-animation-input"/>
        <input semantic="OUTPUT" source="#mixamorig_Hips-Matrix-animation-output-transform"/>
        <input semantic="INTERPOLATION" source="#mixamorig_Hips-Interpolations"/>
      </sampler>
      <channel source="#mixamorig_Hips-Matrix-animation-transform" target="mixamorig_Hips/matrix"/>
    </animation>
    <animation id="mixamorig_Spine-anim" name="mixamorig_Spine">
      <source id="mixamorig_Spine-Matrix-animation-input">
        <float_array id="mixamorig_Spine-Matrix-animation-input-array" count="213">

0.000000 0.033333 0.066667 0.100000 0.133333 0.166667 0.200000 0.233333 0.266667 0.300000 0.333333 0.366667 0.400000 0.433333 0.466667 0.500000
0.533333 0.566667 0.600000 0.633333 0.666667 0.700000 0.733333 0.766667 0.800000 0.833333 0.866667 0.900000 0.933333 0.966667 1.000000 1.033333
1.066667 1.100000 1.133333 1.166667 1.200000 1.233333 1.266667 1.300000 1.333333 1.366667 1.400000 1.433333 1.466667 1.500000 1.533333 1.566667
1.600000 1.633333 1.666667 1.700000 1.733333 1.766667 1.800000 1.833333 1.866667 1.900000 1.933333 1.966667 2.000000 2.033333 2.066667 2.100000
2.133333 2.166667 2.200000 2.233333 2.266667 2.300000 2.333333 2.366667 2.400000 2.433333 2.466667 2.500000 2.533333 2.566667 2.600000 2.633333
2.666667 2.700000 2.733333 2.766667 2.800000 2.833333 2.866667 2.900000 2.933333 2.966667 3.000000 3.033333 3.066667 3.100000 3.133333 3.166667
3.200000 3.233333 3.266667 3.300000 3.333333 3.366667 3.400000 3.433333 3.466667 3.500000 3.533333 3.566667 3.600000 3.633333 3.666667 3.700000
3.733333 3.766667 3.800000 3.833333 3.866667 3.900000 3.933333 3.966667 4.000000 4.033333 4.066667 4.100000 4.133333 4.166667 4.200000 4.233333
4.266667 4.300000 4.333333 4.366667 4.400000 4.433333 4.466667 4.500000 4.533333 4.566667 4.600000 4.633333 4.666667 4.700000 4.733333 4.766667
4.800000 4.833333 4.866667 4.900000 4.933333 4.966667 5.000000 5.033333 5.066667 5.100000 5.133333 5.166667 5.200000 5.233333 5.266667 5.300000
5.333333 5.366667 5.400000 5.433333 5.466667 5.500000 5.533333 5.566667 5.600000 5.633333 5.666667 5.700000 5.733333 5.766667 5.800000 5.833333
5.866667 5.900000 5.933333 5.966667 6.000000 6.033333 6.066667 6.100000 6.133333 6.166667 6.200000 6.233333 6.266667 6.300000 6.333333 6.366667
6.400000 6.433333 6.466667 6.500000 6.533333 6.566667 6.600000 6.633333 6.666667 6.700000 6.733333 6.766667 6.800000 6.833333 6.866667 6.900000
6.933333 6.966667 7.000000 7.033333 7.066667</float_array>
        <technique_common>
          <accessor source="#mixamorig_Spine-Matrix-animation-input-array" count="213">
            <param name="TIME" type="float"/>
          </accessor>
        </technique_common>
      </source>
      <source id="mixamorig_Spine-Matrix-animation-output-transform">
