<?xml version="1.0" encoding="utf-8"?>
<COLLADA xmlns="http://www.collada.org/2005/11/COLLADASchema" version="1.4.1">
  <asset>
    <contributor>
      <author>Mixamo</author>
      <authoring_tool>COLLADA Mixamo exporter</authoring_tool>
      <comments/>
    </contributor>
    <created>2024-12-15T20:02:23Z</created>
    <modified>2024-12-15T20:02:23Z</modified>
    <revision/>
    <title/>
    <unit meter="0.010000"/>
    <up_axis>Y_UP</up_axis>
  </asset>
  <library_animations>
    <animation id="mixamorig_Hips-anim" name="mixamorig_Hips">
      <source id="mixamorig_Hips-Matrix-animation-input">
        <float_array id="mixamorig_Hips-Matrix-animation-input-array" count="29">

0.000000 0.033333 0.066667 0.100000 0.133333 0.166667 0.200000 0.233333 0.266667 0.300000 0.333333 0.366667 0.400000 0.433333 0.466667 0.500000
0.533333 0.566667 0.600000 0.633333 0.666667 0.700000 0.733333 0.766667 0.800000 0.833333 0.866667 0.900000 0.933333</float_array>
        <technique_common>
          <accessor source="#mixamorig_Hips-Matrix-animation-input-array" count="29">
            <param name="TIME" type="float"/>
          </accessor>
        </technique_common>
      </source>
      <source id="mixamorig_Hips-Matrix-animation-output-transform">
        <float_array id="mixamorig_Hips-Matrix-animation-output-transform-array" count="464">

0.999306 -0.001348 0.037225 0.379170 0.001415 0.999997 -0.001778 92.597122 -0.037223 0.001829 0.999305 1.127964 0.000000 0.000000 0.000000 1.000000
0.999601 -0.022631 0.016924 -1.339672 0.018892 0.980548 0.195369 90.919853 -0.021016 -0.194971 0.980584 1.510915 0.000000 0.000000 0.000000 1.000000
0.998172 -0.055762 0.023319 -4.484732 0.042729 0.923891 0.380262 90.689835 -0.042748 -0.378570 0.924585 1.013795 0.000000 0.000000 0.000000 1.000000
0.996020 -0.080539 0.038188 -7.799314 0.055810 0.897564 0.437338 98.795021 -0.069499 -0.433466 0.898486 1.152202 0.000000 0.000000 0.000000 1.000000
0.981721 -0.183475 0.050606 -10.823625 0.149536 0.908043 0.391277 111.716690 -0.117742 -0.376557 0.918881 2.320348 0.000000 0.000000 0.000000 1.000000
0.961639 -0.242312 0.128589 -11.961473 0.191575 0.928732 0.317420 122.207466 -0.196340 -0.280609 0.939526 4.925548 0.000000 0.000000 0.000000 1.000000
0.957044 -0.196219 0.213461 -11.132886 0.147892 0.963604 0.222702 132.487015 -0.249390 -0.181566 0.951230 7.187495 0.000000 0.000000 0.000000 1.000000
0.971157 -0.068490 0.228391 -9.645885 0.040183 0.991169 0.126367 140.455597 -0.235029 -0.113545 0.965334 9.254035 0.000000 0.000000 0.000000 1.000000
0.981006 0.045560 0.188553 -8.051541 -0.069096 0.990343 0.120194 147.214523 -0.181256 -0.130939 0.974680 9.103247 0.000000 0.000000 0.000000 1.000000
0.979608 0.112931 0.166178 -5.999528 -0.138808 0.978369 0.153383 151.066635 -0.145262 -0.173322 0.974094 5.100767 0.000000 0.000000 0.000000 1.000000
0.976905 0.171721 0.127152 -3.484477 -0.190927 0.968701 0.158635 150.879913 -0.095932 -0.179248 0.979116 -1.118076 0.000000 0.000000 0.000000 1.000000
0.975231 0.201202 0.091884 -0.994778 -0.210376 0.972034 0.104368 147.796951 -0.068315 -0.121113 0.990285 -7.327349 0.000000 0.000000 0.000000 1.000000
0.973323 0.221837 0.058569 1.345764 -0.222847 0.974789 0.011222 142.885895 -0.054603 -0.023974 0.998220 -12.908391 0.000000 0.000000 0.000000 1.000000
0.976232 0.214824 0.028658 3.190417 -0.214193 0.976507 -0.023572 135.518753 -0.033049 0.016873 0.999311 -18.771601 0.000000 0.000000 0.000000 1.000000
0.979502 0.201436 0.000469 4.270478 -0.201283 0.978660 0.041361 126.260887 0.007873 -0.040608 0.999144 -23.617668 0.000000 0.000000 0.000000 1.000000
0.981032 0.190126 -0.037788 4.206687 -0.184105 0.974879 0.125362 116.008621 0.060673 -0.116027 0.991391 -26.509586 0.000000 0.000000 0.000000 1.000000
0.980803 0.178618 -0.078241 3.084788 -0.162441 0.970358 0.178938 106.095215 0.107883 -0.162793 0.980744 -26.804842 0.000000 0.000000 0.000000 1.000000
0.981814 0.162004 -0.098971 1.451903 -0.137716 0.966618 0.216063 95.953644 0.130670 -0.198504 0.971350 -25.429094 0.000000 0.000000 0.000000 1.000000
0.985195 0.138398 -0.101177 -0.348674 -0.111311 0.965242 0.236468 88.228386 0.130387 -0.221705 0.966357 -22.692768 0.000000 0.000000 0.000000 1.000000
0.992123 0.098137 -0.077852 -2.271014 -0.078336 0.971032 0.225746 83.721489 0.097751 -0.217869 0.971070 -18.874262 0.000000 0.000000 0.000000 1.000000
0.999119 0.030251 -0.029102 -4.157606 -0.025000 0.985746 0.166372 81.731529 0.033720 -0.165498 0.985633 -15.094877 0.000000 0.000000 0.000000 1.000000
0.998546 -0.034353 0.041531 -5.396935 0.032403 0.998381 0.046748 83.043755 -0.043070 -0.045334 0.998043 -11.853597 0.000000 0.000000 0.000000 1.000000
0.992751 -0.041293 0.112874 -5.867342 0.051800 0.994430 -0.091791 87.494003 -0.108455 0.096973 0.989360 -8.068813 0.000000 0.000000 0.000000 1.000000
0.989691 -0.014576 0.142475 -5.722877 0.042824 0.979413 -0.197271 92.132431 -0.136666 0.201338 0.969941 -4.409419 0.000000 0.000000 0.000000 1.000000
0.993826 0.004572 0.110854 -4.763850 0.021760 0.971713 -0.235159 95.382828 -0.108794 0.236119 0.965615 -2.670686 0.000000 0.000000 0.000000 1.000000
0.998100 0.000740 0.061604 -3.169453 0.012389 0.977093 -0.212453 95.439888 -0.060350 0.212813 0.975227 -1.865302 0.000000 0.000000 0.000000 1.000000
0.998976 -0.015509 0.042511 -1.617459 0.021987 0.987441 -0.156452 93.458145 -0.039551 0.157226 0.986770 -0.412541 0.000000 0.000000 0.000000 1.000000
0.999008 -0.015789 0.041644 -0.480652 0.019042 0.996701 -0.078896 91.792694 -0.040261 0.079611 0.996013 0.930751 0.000000 0.000000 0.000000 1.000000
0.999306 -0.001348 0.037225 0.379165 0.001415 0.999997 -0.001778 92.597122 -0.037223 0.001829 0.999305 1.127964 0.000000 0.000000 0.000000 1.000000</float_array>
        <technique_common>
          <accessor source="#mixamorig_Hips-Matrix-animation-output-transform-array" count="29" stride="16">
            <param type="float4x4"/>
          </accessor>
        </technique_common>
      </source>
      <source id="mixamorig_Hips-Interpolations">
        <Name_array id="mixamorig_Hips-Interpolations-array" count="29">
 LINEAR LINEAR LINEAR LINEAR LINEAR LINEAR LINEAR LINEAR LINEAR LINEAR LINEAR
LINEAR LINEAR LINEAR LINEAR LINEAR LINEAR LINEAR LINEAR LINEAR LINEAR LINEAR LINEAR
LINEAR LINEAR LINEAR LINEAR LINEAR LINEAR</Name_array>
        <technique_common>
          <accessor source="#mixamorig_Hips-Interpolations-array" count="29">
            <param type="name"/>
          </accessor>
        </technique_common>
      </source>
      <sampler id="mixamorig_Hips-Matrix-animation-transform">
        <input semantic="INPUT" source="#mixamorig_Hips-Matrix-animation-input"/>
        <input semantic="OUTPUT" source="#mixamorig_Hips-Matrix-animation-output-transform"/>
        <input semantic="INTERPOLATION" source="#mixamorig_Hips-Interpolations"/>
      </sampler>
      <channel source="#mixamorig_Hips-Matrix-animation-transform" target="mixamorig_Hips/matrix"/>
    </animation>
    <animation id="mixamorig_Spine-anim" name="mixamorig_Spine">
      <source id="mixamorig_Spine-Matrix-animation-input">
        <float_array id="mixamorig_Spine-Matrix-animation-input-array" count="29">

0.000000 0.033333 0.066667 0.100000 0.133333 0.166667 0.200000 0.233333 0.266667 0.300000 0.333333 0.366667 0.400000 0.433333 0.466667 0.500000
0.533333 0.566667 0.600000 0.633333 0.666667 0.700000 0.733333 0.766667 0.800000 0.833333 0.866667 0.900000 0.933333</float_array>
        <technique_common>
          <accessor source="#mixamorig_Spine-Matrix-animation-input-array" count="29">
            <param name="TIME" type="float"/>
          </accessor>
        </technique_common>
      </source>
      <source id="mixamorig_Spine-Matrix-animation-output-transform">
        <float_array id="mixamorig_Spine-Matrix-animation-output-transform-array" count="464">

0.999013 -0.024171 0.037263 -0.038100 0.028747 0.991409 -0.127602 9.490500 -0.033859 0.128548 0.991125 -1.392100 0.000000 0.000000 0.000000 1.000000
0.998517 -0.028897 0.046145 -0.038100 0.034085 0.992672 -0.115932 9.490500 -0.042457 0.117333 0.992185 -1.392100 0.000000 0.000000 0.000000 1.000000
0.999185 0.000595 0.040351 -0.038100 0.002551 0.996960 -0.077877 9.490500 -0.040275 0.077917 0.996146 -1.392100 0.000000 0.000000 0.000000 1.000000
0.996123 0.087928 -0.002569 -0.038100 -0.087966 0.995723 -0.028247 9.490500 0.000074 0.028363 0.999598 -1.392100 0.000000 0.000000 0.000000 1.000000
0.968776 0.232818 -0.085262 -0.038100 -0.230379 0.972376 0.037545 9.490500 0.091648 -0.016731 0.995651 -1.392100 0.000000 0.000000 0.000000 1.000000
0.921982 0.338587 -0.187906 -0.038100 -0.320217 0.939496 0.121692 9.490500 0.217740 -0.052028 0.974619 -1.392100 0.000000 0.000000 0.000000 1.000000
0.903527 0.329406 -0.274100 -0.038100 -0.290130 0.940954 0.174444 9.490500 0.315378 -0.078090 0.945748 -1.392100 0.000000 0.000000 0.000000 1.000000
0.918755 0.231837 -0.319595 -0.038100 -0.190918 0.969393 0.154364 9.490500 0.345600 -0.080806 0.934896 -1.392100 0.000000 0.000000 0.000000 1.000000
0.943615 0.105027 -0.313943 -0.038100 -0.087208 0.993705 0.070317 9.490500 0.319352 -0.038974 0.946834 -1.392100 0.000000 0.000000 0.000000 1.000000
0.962210 -0.001387 -0.272305 -0.038100 -0.008206 0.999385 -0.034087 9.490500 0.272185 0.035034 0.961607 -1.392100 0.000000 0.000000 0.000000 1.000000
0.971383 -0.079858 -0.223690 -0.038100 0.057474 0.992825 -0.104858 9.490500 0.230459 0.089001 0.969003 -1.392100 0.000000 0.000000 0.000000 1.000000
0.972016 -0.143409 -0.186059 -0.038100 0.122853 0.985418 -0.117720 9.490500 0.200228 0.091568 0.975461 -1.392100 0.000000 0.000000 0.000000 1.000000
0.967869 -0.193411 -0.160694 -0.038100 0.177867 0.978308 -0.106190 9.490500 0.177746 0.074196 0.981275 -1.392100 0.000000 0.000000 0.000000 1.000000
0.966039 -0.222458 -0.131457 -0.038100 0.206500 0.970461 -0.124750 9.490500 0.155326 0.093367 0.983441 -1.392100 0.000000 0.000000 0.000000 1.000000
0.969889 -0.225932 -0.090942 -0.038100 0.206595 0.960959 -0.184053 9.490500 0.128975 0.159723 0.978700 -1.392100 0.000000 0.000000 0.000000 1.000000
0.978875 -0.200320 -0.040946 -0.038100 0.184256 0.951074 -0.248010 9.490500 0.088624 0.235226 0.967892 -1.392100 0.000000 0.000000 0.000000 1.000000
0.988877 -0.148670 0.004460 -0.038100 0.143660 0.946926 -0.287564 9.490500 0.038528 0.285006 0.957751 -1.392100 0.000000 0.000000 0.000000 1.000000
0.995472 -0.085339 0.041869 -0.038100 0.094064 0.947847 -0.304529 9.490500 -0.013698 0.307089 0.951582 -1.392100 0.000000 0.000000 0.000000 1.000000
0.996772 -0.027744 0.075336 -0.038100 0.049612 0.950633 -0.306325 9.490500 -0.063118 0.309074 0.948941 -1.392100 0.000000 0.000000 0.000000 1.000000
0.995381 0.009359 0.095541 -0.038100 0.018500 0.957880 -0.286574 9.490500 -0.094199 0.287018 0.953282 -1.392100 0.000000 0.000000 0.000000 1.000000
0.995098 0.027169 0.095091 -0.038100 -0.003785 0.971283 -0.237898 9.490500 -0.098824 0.236372 0.966624 -1.392100 0.000000 0.000000 0.000000 1.000000
0.995882 0.023970 0.087429 -0.038100 -0.008998 0.985784 -0.167774 9.490500 -0.090208 0.166297 0.981941 -1.392100 0.000000 0.000000 0.000000 1.000000
0.995637 -0.005399 0.093157 -0.038100 0.014450 0.995203 -0.096757 9.490500 -0.092188 0.097681 0.990939 -1.392100 0.000000 0.000000 0.000000 1.000000
0.992512 -0.040212 0.115337 -0.038100 0.045826 0.997869 -0.046442 9.490500 -0.113224 0.051380 0.992240 -1.392100 0.000000 0.000000 0.000000 1.000000
0.988642 -0.059176 0.138152 -0.038100 0.064078 0.997454 -0.031303 9.490500 -0.135948 0.039800 0.989916 -1.392100 0.000000 0.000000 0.000000 1.000000
0.988895 -0.056835 0.137317 -0.038100 0.064560 0.996534 -0.052465 9.490500 -0.133859 0.060748 0.989137 -1.392100 0.000000 0.000000 0.000000 1.000000
0.993441 -0.041372 0.106603 -0.038100 0.051201 0.994517 -0.091182 9.490500 -0.102246 0.096042 0.990112 -1.392100 0.000000 0.000000 0.000000 1.000000
0.997479 -0.027860 0.065265 -0.038100 0.035643 0.991977 -0.121290 9.490500 -0.061362 0.123310 0.990469 -1.392100 0.000000 0.000000 0.000000 1.000000
0.999013 -0.024171 0.037263 -0.038100 0.028747 0.991409 -0.127602 9.490500 -0.033859 0.128548 0.991125 -1.392100 0.000000 0.000000 0.000000 1.000000</float_array>
        <technique_common>
          <accessor source="#mixamorig_Spine-Matrix-animation-output-transform-array" count="29" stride="16">
            <param type="float4x4"/>
          </accessor>
        </technique_common>
      </source>
      <source id="mixamorig_Spine-Interpolations">
        <Name_array id="mixamorig_Spine-Interpolations-array" count="29">
 LINEAR LINEAR LINEAR LINEAR LINEAR LINEAR LINEAR LINEAR LINEAR LINEAR LINEAR
LINEAR LINEAR LINEAR LINEAR LINEAR LINEAR LINEAR LINEAR LINEAR LINEAR LINEAR LINEAR
LINEAR LINEAR LINEAR LINEAR LINEAR LINEAR</Name_array>
        <technique_common>
          <accessor source="#mixamorig_Spine-Interpolations-array" count="29">
            <param type="name"/>
          </accessor>
        </technique_common>
      </source>
      <sampler id="mixamorig_Spine-Matrix-animation-transform">
        <input semantic="INPUT" source="#mixamorig_Spine-Matrix-animation-input"/>
        <input semantic="OUTPUT" source="#mixamorig_Spine-Matrix-animation-output-transform"/>
        <input semantic="INTERPOLATION" source="#mixamorig_Spine-Interpolations"/>
      </sampler>
      <channel source="#mixamorig_Spine-Matrix-animation-transform" target="mixamorig_Spine/matrix"/>
    </animation>
    <animation id="mixamorig_Spine1-anim" name="mixamorig_Spine1">
      <source id="mixamorig_Spine1-Matrix-animation-input">
        <float_array id="mixamorig_Spine1-Matrix-animation-input-array" count="29">

0.000000 0.033333 0.066667 0.100000 0.133333 0.166667 0.200000 0.233333 0.266667 0.300000 0.333333 0.366667 0.400000 0.433333 0.466667 0.500000
0.533333 0.566667 0.600000 0.633333 0.666667 0.700000 0.733333 0.766667 0.800000 0.833333 0.866667 0.900000 0.933333</float_array>
        <technique_common>
          <accessor source="#mixamorig_Spine1-Matrix-animation-input-array" count="29">
            <param name="TIME" type="float"/>
          </accessor>
        </technique_common>
      </source>
      <source id="mixamorig_Spine1-Matrix-animation-output-transform">
        <float_array id="mixamorig_Spine1-Matrix-animation-output-transform-array" count="464">

0.999928 -0.009231 0.007670 0.000000 0.009569 0.998933 -0.045177 11.190800 -0.007245 0.045247 0.998950 0.000000 0.000000 0.000000 0.000000 1.000000
0.999739 -0.020320 0.010436 0.000000 0.021919 0.981962 -0.187806 11.190800 -0.006432 0.187985 0.982151 -0.000000 0.000000 0.000000 0.000000 1.000000
0.999650 -0.024047 0.010988 0.000000 0.026279 0.949337 -0.313160 11.190800 -0.002901 0.313339 0.949637 0.000000 0.000000 0.000000 0.000000 1.000000
0.999899 -0.012917 0.005911 0.000000 0.014192 0.926300 -0.376519 11.190800 -0.000612 0.376565 0.926390 -0.000000 0.000000 0.000000 0.000000 1.000000
0.999928 0.010898 -0.005030 0.000000 -0.011992 0.924859 -0.380120 11.190800 0.000509 0.380153 0.924923 0.000000 0.000000 0.000000 0.000000 1.000000
0.999290 0.034217 -0.015761 0.000000 -0.037568 0.936241 -0.349346 11.190800 0.002803 0.349690 0.936861 0.000000 0.000000 0.000000 0.000000 1.000000
0.998759 0.046123 -0.018778 0.000000 -0.049670 0.949775 -0.308966 11.190800 0.003585 0.309515 0.950888 0.000000 0.000000 0.000000 0.000000 1.000000
0.998711 0.049250 -0.012280 0.000000 -0.050709 0.957500 -0.283941 11.190800 -0.002226 0.284198 0.958763 0.000000 0.000000 0.000000 0.000000 1.000000
0.998660 0.051745 -0.000973 0.000000 -0.049740 0.954427 -0.294271 11.190800 -0.014299 0.293925 0.955722 0.000000 0.000000 0.000000 0.000000 1.000000
0.998655 0.051029 0.009232 0.000000 -0.045129 0.942902 -0.330000 11.190800 -0.025545 0.329139 0.943936 -0.000000 0.000000 0.000000 0.000000 1.000000
0.999218 0.036382 0.015503 0.000000 -0.028696 0.936758 -0.348799 11.190800 -0.027212 0.348081 0.937070 0.000000 0.000000 0.000000 0.000000 1.000000
0.999833 0.005401 0.017467 0.000000 0.000412 0.948477 -0.316846 11.190800 -0.018278 0.316800 0.948316 0.000000 0.000000 0.000000 0.000000 1.000000
0.999410 -0.030438 0.015896 0.000000 0.033447 0.967681 -0.249948 11.190800 -0.007774 0.250332 0.968129 0.000000 0.000000 0.000000 0.000000 1.000000
0.998422 -0.054707 0.012694 -0.000000 0.056147 0.977150 -0.205000 11.190800 -0.001189 0.205389 0.978680 0.000000 0.000000 0.000000 0.000000 1.000000
0.998241 -0.058500 0.009654 0.000000 0.059192 0.973879 -0.219217 11.190800 0.003422 0.219403 0.975628 0.000000 0.000000 0.000000 0.000000 1.000000
0.998972 -0.044773 0.007127 0.000000 0.045005 0.960349 -0.275146 11.190800 0.005474 0.275183 0.961376 -0.000000 0.000000 0.000000 0.000000 1.000000
0.999724 -0.022919 0.005079 0.000000 0.023294 0.941645 -0.335801 11.190800 0.002913 0.335827 0.941919 0.000000 0.000000 0.000000 0.000000 1.000000
0.999989 -0.001688 0.004279 0.000000 0.003206 0.922830 -0.385194 11.190800 -0.003299 0.385204 0.922826 0.000000 0.000000 0.000000 0.000000 1.000000
0.999890 0.013873 0.005326 0.000000 -0.010312 0.905847 -0.423480 11.190800 -0.010699 0.423378 0.905890 0.000000 0.000000 0.000000 0.000000 1.000000
0.999724 0.022244 0.007497 -0.000000 -0.016560 0.894692 -0.446377 11.190800 -0.016637 0.446130 0.894813 0.000000 0.000000 0.000000 0.000000 1.000000
0.999659 0.024364 0.009384 0.000000 -0.017667 0.895882 -0.443940 11.190800 -0.019223 0.443623 0.896008 -0.000000 0.000000 0.000000 0.000000 1.000000
0.999680 0.023121 0.010266 0.000000 -0.016834 0.910901 -0.412281 11.190800 -0.018884 0.411976 0.910999 0.000000 0.000000 0.000000 0.000000 1.000000
0.999697 0.022115 0.010768 0.000000 -0.016793 0.933520 -0.358131 11.190800 -0.017972 0.357842 0.933609 0.000000 0.000000 0.000000 0.000000 1.000000
0.999676 0.022413 0.012098 0.000000 -0.017894 0.956059 -0.292629 11.190800 -0.018125 0.292317 0.956150 -0.000000 0.000000 0.000000 0.000000 1.000000
0.999675 0.021212 0.014125 0.000000 -0.017513 0.974454 -0.223904 11.190800 -0.018514 0.223584 0.974509 0.000000 0.000000 0.000000 0.000000 1.000000
0.999767 0.015556 0.014970 0.000000 -0.013014 0.987511 -0.157009 11.190800 -0.017225 0.156778 0.987484 0.000000 0.000000 0.000000 0.000000 1.000000
0.999891 0.006298 0.013365 0.000000 -0.004938 0.995029 -0.099468 11.190800 -0.013925 0.099391 0.994951 -0.000000 0.000000 0.000000 0.000000 1.000000
0.999942 -0.003005 0.010296 0.000000 0.003622 0.998163 -0.060477 11.190800 -0.010095 0.060511 0.998116 0.000000 0.000000 0.000000 0.000000 1.000000
0.999928 -0.009231 0.007670 0.000000 0.009569 0.998933 -0.045177 11.190800 -0.007245 0.045247 0.998950 0.000000 0.000000 0.000000 0.000000 1.000000</float_array>
        <technique_common>
          <accessor source="#mixamorig_Spine1-Matrix-animation-output-transform-array" count="29" stride="16">
            <param type="float4x4"/>
          </accessor>
        </technique_common>
      </source>
      <source id="mixamorig_Spine1-Interpolations">
        <Name_array id="mixamorig_Spine1-Interpolations-array" count="29">
 LINEAR LINEAR LINEAR LINEAR LINEAR LINEAR LINEAR LINEAR LINEAR LINEAR LINEAR
LINEAR LINEAR LINEAR LINEAR LINEAR LINEAR LINEAR LINEAR LINEAR LINEAR LINEAR LINEAR
LINEAR LINEAR LINEAR LINEAR LINEAR LINEAR</Name_array>
        <technique_common>
          <accessor source="#mixamorig_Spine1-Interpolations-array" count="29">
            <param type="name"/>
          </accessor>
        </technique_common>
      </source>
      <sampler id="mixamorig_Spine1-Matrix-animation-transform">
        <input semantic="INPUT" source="#mixamorig_Spine1-Matrix-animation-input"/>
        <input semantic="OUTPUT" source="#mixamorig_Spine1-Matrix-animation-output-transform"/>
        <input semantic="INTERPOLATION" source="#mixamorig_Spine1-Interpolations"/>
      </sampler>
      <channel source="#mixamorig_Spine1-Matrix-animation-transform" target="mixamorig_Spine1/matrix"/>
    </animation>
    <animation id="mixamorig_Spine2-anim" name="mixamorig_Spine2">
      <source id="mixamorig_Spine2-Matrix-animation-input">
        <float_array id="mixamorig_Spine2-Matrix-animation-input-array" count="29">

0.000000 0.033333 0.066667 0.100000 0.133333 0.166667 0.200000 0.233333 0.266667 0.300000 0.333333 0.366667 0.400000 0.433333 0.466667 0.500000
0.533333 0.566667 0.600000 0.633333 0.666667 0.700000 0.733333 0.766667 0.800000 0.833333 0.866667 0.900000 0.933333</float_array>
        <technique_common>
          <accessor source="#mixamorig_Spine2-Matrix-animation-input-array" count="29">
            <param name="TIME" type="float"/>
          </accessor>
        </technique_common>
      </source>
      <source id="mixamorig_Spine2-Matrix-animation-output-transform">
        <float_array id="mixamorig_Spine2-Matrix-animation-output-transform-array" count="464">

0.999960 -0.003967 0.007980 0.000000 0.005409 0.981822 -0.189729 12.789500 -0.007082 0.189764 0.981804 0.000000 0.000000 0.000000 0.000000 1.000000
0.999864 -0.009365 0.013585 -0.000000 0.013330 0.943721 -0.330475 12.789500 -0.009726 0.330611 0.943717 0.000000 0.000000 0.000000 0.000000 1.000000
0.999926 -0.002301 0.011936 -0.000000 0.007500 0.889550 -0.456777 12.789500 -0.009566 0.456832 0.889501 0.000000 0.000000 0.000000 0.000000 1.000000
0.999741 0.022676 -0.002148 0.000000 -0.020384 0.848642 -0.528575 12.789500 -0.010163 0.528482 0.848884 -0.000000 0.000000 0.000000 0.000000 1.000000
0.997724 0.061564 -0.027499 0.000000 -0.066537 0.832928 -0.549367 12.789500 -0.010917 0.549946 0.835129 0.000000 0.000000 0.000000 0.000000 1.000000
0.993580 0.100151 -0.052611 -0.000000 -0.112646 0.832931 -0.541791 12.789500 -0.010439 0.544239 0.838865 -0.000000 0.000000 0.000000 0.000000 1.000000
0.990006 0.125817 -0.063697 -0.000000 -0.140418 0.837726 -0.527729 12.789500 -0.013036 0.531399 0.847021 0.000000 0.000000 0.000000 0.000000 1.000000
0.988791 0.137999 -0.057003 -0.000000 -0.147155 0.836106 -0.528462 12.789500 -0.025266 0.530927 0.847041 0.000000 0.000000 0.000000 0.000000 1.000000
0.989035 0.142049 -0.040391 0.000000 -0.140209 0.817309 -0.558880 12.789500 -0.046377 0.558415 0.828264 0.000000 0.000000 0.000000 0.000000 1.000000
0.990533 0.135382 -0.022715 0.000000 -0.121257 0.785327 -0.607090 12.789500 -0.064351 0.604097 0.794308 0.000000 0.000000 0.000000 0.000000 1.000000
0.993999 0.109233 -0.005769 0.000000 -0.087968 0.766919 -0.635687 12.789500 -0.065014 0.632380 0.771926 0.000000 0.000000 0.000000 0.000000 1.000000
0.998015 0.061854 0.011808 -0.000000 -0.041517 0.787313 -0.615155 12.789500 -0.047346 0.613444 0.788318 0.000000 0.000000 0.000000 0.000000 1.000000
0.999620 0.004508 0.027184 0.000000 0.011258 0.833622 -0.552220 12.789500 -0.025151 0.552316 0.833255 0.000000 0.000000 0.000000 0.000000 1.000000
0.998497 -0.043603 0.033190 0.000000 0.054288 0.869579 -0.490801 12.789500 -0.007461 0.491866 0.870639 0.000000 0.000000 0.000000 0.000000 1.000000
0.997347 -0.068072 0.025800 0.000000 0.072191 0.879196 -0.470960 12.789500 0.009376 0.471573 0.881777 0.000000 0.000000 0.000000 0.000000 1.000000
0.997652 -0.067882 0.009131 0.000000 0.063650 0.869587 -0.489661 12.789500 0.025299 0.489092 0.871865 0.000000 0.000000 0.000000 0.000000 1.000000
0.998614 -0.051994 -0.008203 -0.000000 0.040099 0.852418 -0.521322 12.789500 0.034098 0.520270 0.853321 0.000000 0.000000 0.000000 0.000000 1.000000
0.999323 -0.031082 -0.019675 0.000000 0.015053 0.833557 -0.552228 12.789500 0.033565 0.551558 0.833461 0.000000 0.000000 0.000000 0.000000 1.000000
0.999650 -0.012659 -0.023248 0.000000 -0.003172 0.814626 -0.579978 12.789500 0.026280 0.579848 0.814301 0.000000 0.000000 0.000000 0.000000 1.000000
0.999802 -0.000385 -0.019901 0.000000 -0.011617 0.800608 -0.599075 12.789500 0.016164 0.599188 0.800445 0.000000 0.000000 0.000000 0.000000 1.000000
0.999916 0.005158 -0.011923 0.000000 -0.011283 0.799689 -0.600309 12.789500 0.006438 0.600392 0.799680 -0.000000 0.000000 0.000000 0.000000 1.000000
0.999979 0.006142 -0.002176 -0.000000 -0.006267 0.814833 -0.579662 12.789500 -0.001787 0.579663 0.814854 0.000000 0.000000 0.000000 0.000000 1.000000
0.999957 0.006171 0.006882 -0.000000 -0.001464 0.840863 -0.541246 12.789500 -0.009127 0.541213 0.840836 0.000000 0.000000 0.000000 0.000000 1.000000
0.999876 0.007043 0.014081 0.000000 0.000776 0.871213 -0.490905 12.789500 -0.015725 0.490855 0.871099 0.000000 0.000000 0.000000 0.000000 1.000000
0.999799 0.007475 0.018621 0.000000 0.001241 0.903190 -0.429240 12.789500 -0.020027 0.429176 0.902999 0.000000 0.000000 0.000000 0.000000 1.000000
0.999797 0.005866 0.019271 -0.000000 0.001362 0.934792 -0.355193 12.789500 -0.020098 0.355147 0.934594 0.000000 0.000000 0.000000 0.000000 1.000000
0.999868 0.002606 0.016060 0.000000 0.001965 0.960524 -0.278190 12.789500 -0.016151 0.278184 0.960392 0.000000 0.000000 0.000000 0.000000 1.000000
0.999935 -0.000965 0.011351 0.000000 0.003413 0.976006 -0.217715 12.789500 -0.010869 0.217739 0.975946 0.000000 0.000000 0.000000 0.000000 1.000000
0.999960 -0.003967 0.007980 0.000000 0.005409 0.981822 -0.189729 12.789500 -0.007082 0.189764 0.981804 0.000000 0.000000 0.000000 0.000000 1.000000</float_array>
        <technique_common>
          <accessor source="#mixamorig_Spine2-Matrix-animation-output-transform-array" count="29" stride="16">
            <param type="float4x4"/>
          </accessor>
        </technique_common>
      </source>
      <source id="mixamorig_Spine2-Interpolations">
        <Name_array id="mixamorig_Spine2-Interpolations-array" count="29">
 LINEAR LINEAR LINEAR LINEAR LINEAR LINEAR LINEAR LINEAR LINEAR LINEAR LINEAR
LINEAR LINEAR LINEAR LINEAR LINEAR LINEAR LINEAR LINEAR LINEAR LINEAR LINEAR LINEAR
LINEAR LINEAR LINEAR LINEAR LINEAR LINEAR</Name_array>
        <technique_common>
          <accessor source="#mixamorig_Spine2-Interpolations-array" count="29">
            <param type="name"/>
          </accessor>
        </technique_common>
      </source>
      <sampler id="mixamorig_Spine2-Matrix-animation-transform">
        <input semantic="INPUT" source="#mixamorig_Spine2-Matrix-animation-input"/>
        <input semantic="OUTPUT" source="#mixamorig_Spine2-Matrix-animation-output-transform"/>
        <input semantic="INTERPOLATION" source="#mixamorig_Spine2-Interpolations"/>
      </sampler>
      <channel source="#mixamorig_Spine2-Matrix-animation-transform" target="mixamorig_Spine2/matrix"/>
    </animation>
    <animation id="mixamorig_Neck-anim" name="mixamorig_Neck">
      <source id="mixamorig_Neck-Matrix-animation-input">
        <float_array id="mixamorig_Neck-Matrix-animation-input-array" count="29">

0.000000 0.033333 0.066667 0.100000 0.133333 0.166667 0.200000 0.233333 0.266667 0.300000 0.333333 0.366667 0.400000 0.433333 0.466667 0.500000
0.533333 0.566667 0.600000 0.633333 0.666667 0.700000 0.733333 0.766667 0.800000 0.833333 0.866667 0.900000 0.933333</float_array>
        <technique_common>
          <accessor source="#mixamorig_Neck-Matrix-animation-input-array" count="29">
            <param name="TIME" type="float"/>
          </accessor>
        </technique_common>
      </source>
      <source id="mixamorig_Neck-Matrix-animation-output-transform">
        <float_array id="mixamorig_Neck-Matrix-animation-output-transform-array" count="464">

0.999794 -0.015440 -0.013181 -0.056900 0.015241 0.999771 -0.015054 14.235800 0.013410 0.014850 0.999800 -2.088100 0.000000 0.000000 0.000000 1.000000
0.999874 0.003532 -0.015461 -0.056900 -0.003398 0.999956 0.008698 14.235800 0.015491 -0.008645 0.999843 -2.088100 0.000000 0.000000 0.000000 1.000000
0.999762 0.005893 -0.020987 -0.056900 -0.005365 0.999671 0.025098 14.235800 0.021128 -0.024980 0.999465 -2.088100 0.000000 0.000000 0.000000 1.000000
0.999800 -0.001048 -0.019959 -0.056900 0.001465 0.999781 0.020881 14.235800 0.019932 -0.020906 0.999583 -2.088100 0.000000 0.000000 0.000000 1.000000
0.999975 -0.000051 -0.007108 -0.056900 0.000036 0.999998 -0.002191 14.235800 0.007108 0.002191 0.999972 -2.088100 0.000000 0.000000 0.000000 1.000000
0.999711 0.020250 0.012936 -0.056900 -0.019759 0.999118 -0.037051 14.235800 -0.013675 0.036784 0.999230 -2.088100 0.000000 0.000000 0.000000 1.000000
0.998254 0.050242 0.031070 -0.056900 -0.047845 0.996140 -0.073588 14.235800 -0.034648 0.071973 0.996805 -2.088100 0.000000 0.000000 0.000000 1.000000
0.996726 0.069231 0.041766 -0.056900 -0.064918 0.993164 -0.097008 14.235800 -0.048196 0.093979 0.994407 -2.088100 0.000000 0.000000 0.000000 1.000000
0.996679 0.068255 0.044410 -0.056900 -0.063755 0.993348 -0.095887 14.235800 -0.050660 0.092737 0.994401 -2.088100 0.000000 0.000000 0.000000 1.000000
0.997563 0.056686 0.040670 -0.056900 -0.053715 0.996046 -0.070764 14.235800 -0.044520 0.068407 0.996664 -2.088100 0.000000 0.000000 0.000000 1.000000
0.998262 0.048698 0.033177 -0.056900 -0.047603 0.998320 -0.033022 14.235800 -0.034730 0.031385 0.998904 -2.088100 0.000000 0.000000 0.000000 1.000000
0.998468 0.049257 0.025207 -0.056900 -0.049425 0.998759 0.006067 14.235800 -0.024877 -0.007303 0.999664 -2.088100 0.000000 0.000000 0.000000 1.000000
0.998389 0.053128 0.019901 -0.056900 -0.053989 0.997502 0.045561 14.235800 -0.017431 -0.046562 0.998763 -2.088100 0.000000 0.000000 0.000000 1.000000
0.998415 0.052943 0.019105 -0.056900 -0.054483 0.994272 0.091947 14.235800 -0.014127 -0.092842 0.995581 -2.088100 0.000000 0.000000 0.000000 1.000000
0.998726 0.045399 0.022030 -0.056900 -0.048156 0.987935 0.147193 14.235800 -0.015082 -0.148066 0.988862 -2.088100 0.000000 0.000000 0.000000 1.000000
0.999181 0.031161 0.025815 -0.056900 -0.035778 0.978348 0.203851 14.235800 -0.018904 -0.204607 0.978662 -2.088100 0.000000 0.000000 0.000000 1.000000
0.999522 0.013093 0.028009 -0.056900 -0.019711 0.967780 0.251024 14.235800 -0.023820 -0.251456 0.967576 -2.088100 0.000000 0.000000 0.000000 1.000000
0.999593 -0.003489 0.028329 -0.056900 -0.004597 0.959862 0.280434 14.235800 -0.028171 -0.280450 0.959455 -2.088100 0.000000 0.000000 0.000000 1.000000
0.999551 -0.011693 0.027574 -0.056900 0.003285 0.957889 0.287121 14.235800 -0.029770 -0.286902 0.957497 -2.088100 0.000000 0.000000 0.000000 1.000000
0.999662 -0.007751 0.024833 -0.056900 0.000736 0.962628 0.270828 14.235800 -0.026004 -0.270718 0.962307 -2.088100 0.000000 0.000000 0.000000 1.000000
0.999835 0.005397 0.017339 -0.056900 -0.009381 0.971051 0.238689 14.235800 -0.015549 -0.238813 0.970941 -2.088100 0.000000 0.000000 0.000000 1.000000
0.999760 0.021436 0.004552 -0.056900 -0.021913 0.979032 0.202523 14.235800 -0.000115 -0.202574 0.979267 -2.088100 0.000000 0.000000 0.000000 1.000000
0.999298 0.036311 -0.009228 -0.056900 -0.034199 0.984652 0.171146 14.235800 0.015301 -0.170710 0.985203 -2.088100 0.000000 0.000000 0.000000 1.000000
0.998703 0.047422 -0.018512 -0.056900 -0.044269 0.988563 0.144167 14.235800 0.025137 -0.143161 0.989380 -2.088100 0.000000 0.000000 0.000000 1.000000
0.998496 0.050445 -0.021475 -0.056900 -0.047732 0.992542 0.112165 14.235800 0.026973 -0.110972 0.993457 -2.088100 0.000000 0.000000 0.000000 1.000000
0.998900 0.042444 -0.019953 -0.056900 -0.040999 0.996843 0.067997 14.235800 0.022776 -0.067104 0.997486 -2.088100 0.000000 0.000000 0.000000 1.000000
0.999530 0.025658 -0.016791 -0.056900 -0.025318 0.999476 0.020165 14.235800 0.017300 -0.019731 0.999656 -2.088100 0.000000 0.000000 0.000000 1.000000
0.999886 0.005060 -0.014191 -0.056900 -0.005235 0.999910 -0.012322 14.235800 0.014128 0.012395 0.999823 -2.088100 0.000000 0.000000 0.000000 1.000000
0.999794 -0.015440 -0.013181 -0.056900 0.015241 0.999771 -0.015054 14.235800 0.013410 0.014850 0.999800 -2.088100 0.000000 0.000000 0.000000 1.000000</float_array>
        <technique_common>
          <accessor source="#mixamorig_Neck-Matrix-animation-output-transform-array" count="29" stride="16">
            <param type="float4x4"/>
          </accessor>
        </technique_common>
      </source>
      <source id="mixamorig_Neck-Interpolations">
        <Name_array id="mixamorig_Neck-Interpolations-array" count="29">
 LINEAR LINEAR LINEAR LINEAR LINEAR LINEAR LINEAR LINEAR LINEAR LINEAR LINEAR
LINEAR LINEAR LINEAR LINEAR LINEAR LINEAR LINEAR LINEAR LINEAR LINEAR LINEAR LINEAR
LINEAR LINEAR LINEAR LINEAR LINEAR LINEAR</Name_array>
        <technique_common>
          <accessor source="#mixamorig_Neck-Interpolations-array" count="29">
            <param type="name"/>
          </accessor>
        </technique_common>
      </source>
      <sampler id="mixamorig_Neck-Matrix-animation-transform">
        <input semantic="INPUT" source="#mixamorig_Neck-Matrix-animation-input"/>
        <input semantic="OUTPUT" source="#mixamorig_Neck-Matrix-animation-output-transform"/>
        <input semantic="INTERPOLATION" source="#mixamorig_Neck-Interpolations"/>
      </sampler>
      <channel source="#mixamorig_Neck-Matrix-animation-transform" target="mixamorig_Neck/matrix"/>
    </animation>
    <animation id="mixamorig_Head-anim" name="mixamorig_Head">
      <source id="mixamorig_Head-Matrix-animation-input">
        <float_array id="mixamorig_Head-Matrix-animation-input-array" count="29">

0.000000 0.033333 0.066667 0.100000 0.133333 0.166667 0.200000 0.233333 0.266667 0.300000 0.333333 0.366667 0.400000 0.433333 0.466667 0.500000
0.533333 0.566667 0.600000 0.633333 0.666667 0.700000 0.733333 0.766667 0.800000 0.833333 0.866667 0.900000 0.933333</float_array>
        <technique_common>
          <accessor source="#mixamorig_Head-Matrix-animation-input-array" count="29">
            <param name="TIME" type="float"/>
          </accessor>
        </technique_common>
      </source>
      <source id="mixamorig_Head-Matrix-animation-output-transform">
        <float_array id="mixamorig_Head-Matrix-animation-output-transform-array" count="464">

0.993590 0.084365 -0.075240 0.000000 -0.066713 0.974945 0.212206 3.280200 0.091258 -0.205826 0.974324 0.313300 0.000000 0.000000 0.000000 1.000000
0.992264 0.091251 -0.084174 0.000000 -0.068763 0.968501 0.239326 3.280200 0.103361 -0.231687 0.967284 0.313300 0.000000 0.000000 0.000000 1.000000
0.992084 0.083855 -0.093472 -0.000000 -0.058754 0.967828 0.244657 3.280200 0.110980 -0.237228 0.965094 0.313300 0.000000 0.000000 0.000000 1.000000
0.995321 0.070665 -0.065899 -0.000000 -0.055160 0.975506 0.212945 3.280200 0.079333 -0.208314 0.974839 0.313300 0.000000 0.000000 0.000000 1.000000
0.997772 0.065749 0.011322 0.000000 -0.066714 0.984790 0.160433 3.280200 -0.000602 -0.160831 0.986982 0.313300 0.000000 0.000000 0.000000 1.000000
0.991449 0.072045 0.108801 0.000000 -0.083445 0.991055 0.104150 3.280200 -0.100325 -0.112338 0.988592 0.313300 0.000000 0.000000 0.000000 1.000000
0.978980 0.076974 0.188876 0.000000 -0.088112 0.994789 0.051286 3.280200 -0.183944 -0.066850 0.980661 0.313300 0.000000 0.000000 0.000000 1.000000
0.969565 0.067535 0.235335 0.000000 -0.071836 0.997369 0.009743 3.280200 -0.234058 -0.026352 0.971865 0.313300 0.000000 0.000000 0.000000 1.000000
0.967897 0.041636 0.247876 0.000000 -0.040066 0.999132 -0.011377 3.280200 -0.248134 0.001080 0.968725 0.313300 0.000000 0.000000 0.000000 1.000000
0.972526 0.010164 0.232574 0.000000 -0.007425 0.999892 -0.012647 3.280200 -0.232677 0.010573 0.972497 0.313300 0.000000 0.000000 0.000000 1.000000
0.979257 -0.008275 0.202453 -0.000000 0.010058 0.999919 -0.007778 3.280200 -0.202372 0.009653 0.979261 0.313300 0.000000 0.000000 0.000000 1.000000
0.984729 0.000087 0.174092 0.000000 0.001316 0.999968 -0.007945 3.280200 -0.174087 0.008053 0.984697 0.313300 0.000000 0.000000 0.000000 1.000000
0.986898 0.033419 0.157846 0.000000 -0.032629 0.999439 -0.007595 3.280200 -0.158011 0.002345 0.987434 0.313300 0.000000 0.000000 0.000000 1.000000
0.985092 0.074554 0.155035 0.000000 -0.076657 0.997028 0.007621 3.280200 -0.154006 -0.019392 0.987880 0.313300 0.000000 0.000000 0.000000 1.000000
0.981341 0.102675 0.162563 0.000000 -0.110954 0.992909 0.042671 3.280200 -0.157029 -0.059912 0.985775 0.313300 0.000000 0.000000 0.000000 1.000000
0.978488 0.106437 0.176727 0.000000 -0.123411 0.988448 0.087982 3.280200 -0.165321 -0.107899 0.980320 0.313300 0.000000 0.000000 0.000000 1.000000
0.977654 0.087307 0.191231 0.000000 -0.113093 0.985259 0.128355 3.280200 -0.177206 -0.147114 0.973116 0.313300 0.000000 0.000000 0.000000 1.000000
0.979229 0.053696 0.195520 -0.000000 -0.084315 0.984805 0.151820 3.280200 -0.184397 -0.165152 0.968877 0.313300 0.000000 0.000000 0.000000 1.000000
0.983786 0.014808 0.178734 -0.000000 -0.043046 0.986950 0.155165 3.280200 -0.174104 -0.160342 0.971585 0.313300 0.000000 0.000000 0.000000 1.000000
0.990945 -0.020275 0.132729 0.000000 -0.000247 0.988257 0.152800 3.280200 -0.134269 -0.151449 0.979303 0.313300 0.000000 0.000000 0.000000 1.000000
0.997795 -0.039774 0.053131 0.000000 0.029644 0.983328 0.179409 3.280200 -0.059381 -0.177438 0.982339 0.313300 0.000000 0.000000 0.000000 1.000000
0.998166 -0.030155 -0.052495 0.000000 0.043009 0.963465 0.264359 3.280200 0.042606 -0.266132 0.962995 0.313300 0.000000 0.000000 0.000000 1.000000
0.987894 0.011317 -0.154719 -0.000000 0.050403 0.919811 0.389111 3.280200 0.146716 -0.392199 0.908105 0.313300 0.000000 0.000000 0.000000 1.000000
0.974400 0.064709 -0.215307 0.000000 0.050914 0.869286 0.491680 3.280200 0.218980 -0.490055 0.843738 0.313300 0.000000 0.000000 0.000000 1.000000
0.970404 0.101872 -0.218946 0.000000 0.029130 0.850660 0.524908 3.280200 0.239722 -0.515751 0.822517 0.313300 0.000000 0.000000 0.000000 1.000000
0.977108 0.110950 -0.181519 0.000000 -0.009675 0.875528 0.483070 3.280200 0.212522 -0.470256 0.856559 0.313300 0.000000 0.000000 0.000000 1.000000
0.985994 0.100869 -0.132823 -0.000000 -0.041138 0.918862 0.392428 3.280200 0.161630 -0.381468 0.910142 0.313300 0.000000 0.000000 0.000000 1.000000
0.991520 0.088348 -0.095308 0.000000 -0.056937 0.954562 0.292523 3.280200 0.116821 -0.284616 0.951497 0.313300 0.000000 0.000000 0.000000 1.000000
0.993590 0.084365 -0.075240 0.000000 -0.066713 0.974945 0.212206 3.280200 0.091258 -0.205826 0.974324 0.313300 0.000000 0.000000 0.000000 1.000000</float_array>
        <technique_common>
          <accessor source="#mixamorig_Head-Matrix-animation-output-transform-array" count="29" stride="16">
            <param type="float4x4"/>
          </accessor>
        </technique_common>
      </source>
      <source id="mixamorig_Head-Interpolations">
        <Name_array id="mixamorig_Head-Interpolations-array" count="29">
 LINEAR LINEAR LINEAR LINEAR LINEAR LINEAR LINEAR LINEAR LINEAR LINEAR LINEAR
LINEAR LINEAR LINEAR LINEAR LINEAR LINEAR LINEAR LINEAR LINEAR LINEAR LINEAR LINEAR
LINEAR LINEAR LINEAR LINEAR LINEAR LINEAR</Name_array>
        <technique_common>
          <accessor source="#mixamorig_Head-Interpolations-array" count="29">
            <param type="name"/>
          </accessor>
        </technique_common>
      </source>
      <sampler id="mixamorig_Head-Matrix-animation-transform">
        <input semantic="INPUT" source="#mixamorig_Head-Matrix-animation-input"/>
        <input semantic="OUTPUT" source="#mixamorig_Head-Matrix-animation-output-transform"/>
        <input semantic="INTERPOLATION" source="#mixamorig_Head-Interpolations"/>
      </sampler>
      <channel source="#mixamorig_Head-Matrix-animation-transform" target="mixamorig_Head/matrix"/>
    </animation>
    <animation id="mixamorig_LeftShoulder-anim" name="mixamorig_LeftShoulder">
      <source id="mixamorig_LeftShoulder-Matrix-animation-input">
        <float_array id="mixamorig_LeftShoulder-Matrix-animation-input-array" count="29">

0.000000 0.033333 0.066667 0.100000 0.133333 0.166667 0.200000 0.233333 0.266667 0.300000 0.333333 0.366667 0.400000 0.433333 0.466667 0.500000
0.533333 0.566667 0.600000 0.633333 0.666667 0.700000 0.733333 0.766667 0.800000 0.833333 0.866667 0.900000 0.933333</float_array>
        <technique_common>
          <accessor source="#mixamorig_LeftShoulder-Matrix-animation-input-array" count="29">
            <param name="TIME" type="float"/>
          </accessor>
        </technique_common>
      </source>
