<?xml version="1.0" encoding="utf-8"?>
<COLLADA xmlns="http://www.collada.org/2005/11/COLLADASchema" version="1.4.1">
  <asset>
    <contributor>
      <author>Mixamo</author>
      <authoring_tool>COLLADA Mixamo exporter</authoring_tool>
      <comments/>
    </contributor>
    <created>2024-12-15T19:17:28Z</created>
    <modified>2024-12-15T19:17:28Z</modified>
    <revision/>
    <title/>
    <unit meter="0.010000"/>
    <up_axis>Y_UP</up_axis>
  </asset>
  <library_animations>
    <animation id="mixamorig_Hips-anim" name="mixamorig_Hips">
      <source id="mixamorig_Hips-Matrix-animation-input">
        <float_array id="mixamorig_Hips-Matrix-animation-input-array" count="21">

0.000000 0.033333 0.066667 0.100000 0.133333 0.166667 0.200000 0.233333 0.266667 0.300000 0.333333 0.366667 0.400000 0.433333 0.466667 0.500000
0.533333 0.566667 0.600000 0.633333 0.666667</float_array>
        <technique_common>
          <accessor source="#mixamorig_Hips-Matrix-animation-input-array" count="21">
            <param name="TIME" type="float"/>
          </accessor>
        </technique_common>
      </source>
      <source id="mixamorig_Hips-Matrix-animation-output-transform">
        <float_array id="mixamorig_Hips-Matrix-animation-output-transform-array" count="336">

0.272252 0.344377 0.898489 -0.148347 -0.129076 0.938393 -0.320560 91.310402 -0.953529 -0.028701 0.299930 0.389605 0.000000 0.000000 0.000000 1.000000
0.273536 0.341421 0.899227 -0.823076 -0.125911 0.939548 -0.318429 90.881500 -0.953585 -0.026121 0.299989 0.315995 0.000000 0.000000 0.000000 1.000000
0.274959 0.332761 0.902035 -1.140401 -0.086217 0.942951 -0.321574 92.003059 -0.957582 0.010649 0.287963 -0.066301 0.000000 0.000000 0.000000 1.000000
0.272191 0.327536 0.904783 -1.168449 -0.010867 0.941272 -0.337476 93.830162 -0.962182 0.082026 0.259765 -0.635696 0.000000 0.000000 0.000000 1.000000
0.248472 0.335218 0.908785 -1.677838 0.032942 0.934741 -0.353799 95.532700 -0.968079 0.117846 0.221214 -1.171033 0.000000 0.000000 0.000000 1.000000
0.228514 0.351107 0.908023 -2.350301 0.015994 0.931221 -0.364103 96.542938 -0.973409 0.097725 0.207182 -1.309038 0.000000 0.000000 0.000000 1.000000
0.210285 0.345365 0.914605 -2.810442 0.005677 0.935076 -0.354401 96.220367 -0.977624 0.079718 0.194672 -1.216425 0.000000 0.000000 0.000000 1.000000
0.185060 0.330885 0.925347 -2.399414 0.015078 0.940545 -0.339335 94.844727 -0.982611 0.076750 0.169068 -1.363883 0.000000 0.000000 0.000000 1.000000
0.171231 0.323571 0.930581 -2.978921 0.029551 0.942420 -0.333125 93.378761 -0.984788 0.084540 0.151810 -1.603064 0.000000 0.000000 0.000000 1.000000
0.169898 0.334759 0.926861 -4.675666 0.034854 0.937905 -0.345136 91.779945 -0.984845 0.090943 0.147680 -1.582272 0.000000 0.000000 0.000000 1.000000
0.159947 0.342357 0.925856 -4.619954 0.027715 0.936004 -0.350898 91.101013 -0.986736 0.081785 0.140223 -1.556893 0.000000 0.000000 0.000000 1.000000
0.135250 0.358606 0.923639 -4.442180 -0.009483 0.932630 -0.360708 91.856461 -0.990766 0.040027 0.129538 -1.421249 0.000000 0.000000 0.000000 1.000000
0.122772 0.357718 0.925724 -3.026257 -0.056741 0.933785 -0.353308 93.906464 -0.990812 -0.009150 0.134940 -1.445362 0.000000 0.000000 0.000000 1.000000
0.134536 0.362796 0.922106 -2.169558 -0.112062 0.930167 -0.349617 95.201935 -0.984552 -0.056297 0.165797 -1.426429 0.000000 0.000000 0.000000 1.000000
0.166972 0.352773 0.920691 -1.643948 -0.109040 0.934679 -0.338358 96.345116 -0.979914 -0.043896 0.194531 -1.585200 0.000000 0.000000 0.000000 1.000000
0.201453 0.331265 0.921781 0.217810 -0.066944 0.943531 -0.324451 96.146896 -0.977208 0.003654 0.212254 -1.510979 0.000000 0.000000 0.000000 1.000000
0.244483 0.303477 0.920940 1.934589 -0.050946 0.952470 -0.300342 96.182297 -0.968314 0.026511 0.248323 -1.306440 0.000000 0.000000 0.000000 1.000000
0.270949 0.286555 0.918952 1.573283 -0.067019 0.957962 -0.278959 95.677345 -0.960258 0.013996 0.278763 -0.988702 0.000000 0.000000 0.000000 1.000000
0.249273 0.296936 0.921787 1.001839 -0.080696 0.954892 -0.285778 93.385048 -0.965065 -0.003148 0.261991 -0.477638 0.000000 0.000000 0.000000 1.000000
0.251635 0.349566 0.902487 -0.514213 -0.129323 0.936275 -0.326595 91.412262 -0.959143 -0.034529 0.280807 -0.153127 0.000000 0.000000 0.000000 1.000000
0.272252 0.344377 0.898489 -0.148344 -0.129076 0.938393 -0.320560 91.310387 -0.953529 -0.028701 0.299930 0.389605 0.000000 0.000000 0.000000 1.000000</float_array>
        <technique_common>
          <accessor source="#mixamorig_Hips-Matrix-animation-output-transform-array" count="21" stride="16">
            <param type="float4x4"/>
          </accessor>
        </technique_common>
      </source>
      <source id="mixamorig_Hips-Interpolations">
        <Name_array id="mixamorig_Hips-Interpolations-array" count="21">
 LINEAR LINEAR LINEAR LINEAR LINEAR LINEAR LINEAR LINEAR LINEAR LINEAR LINEAR
LINEAR LINEAR LINEAR LINEAR LINEAR LINEAR LINEAR LINEAR LINEAR LINEAR</Name_array>
        <technique_common>
          <accessor source="#mixamorig_Hips-Interpolations-array" count="21">
            <param type="name"/>
          </accessor>
        </technique_common>
      </source>
      <sampler id="mixamorig_Hips-Matrix-animation-transform">
        <input semantic="INPUT" source="#mixamorig_Hips-Matrix-animation-input"/>
        <input semantic="OUTPUT" source="#mixamorig_Hips-Matrix-animation-output-transform"/>
        <input semantic="INTERPOLATION" source="#mixamorig_Hips-Interpolations"/>
      </sampler>
      <channel source="#mixamorig_Hips-Matrix-animation-transform" target="mixamorig_Hips/matrix"/>
    </animation>
    <animation id="mixamorig_Spine-anim" name="mixamorig_Spine">
      <source id="mixamorig_Spine-Matrix-animation-input">
        <float_array id="mixamorig_Spine-Matrix-animation-input-array" count="21">

0.000000 0.033333 0.066667 0.100000 0.133333 0.166667 0.200000 0.233333 0.266667 0.300000 0.333333 0.366667 0.400000 0.433333 0.466667 0.500000
0.533333 0.566667 0.600000 0.633333 0.666667</float_array>
        <technique_common>
          <accessor source="#mixamorig_Spine-Matrix-animation-input-array" count="21">
            <param name="TIME" type="float"/>
          </accessor>
        </technique_common>
      </source>
      <source id="mixamorig_Spine-Matrix-animation-output-transform">
        <float_array id="mixamorig_Spine-Matrix-animation-output-transform-array" count="336">

0.981794 -0.124778 -0.143216 -0.038100 0.123141 0.992182 -0.020274 9.490500 0.144627 0.002269 0.989484 -1.392100 0.000000 0.000000 0.000000 1.000000
0.987518 -0.113340 -0.109374 -0.038100 0.112291 0.993551 -0.015726 9.490500 0.110451 0.003248 0.993876 -1.392100 0.000000 0.000000 0.000000 1.000000
0.994645 -0.065178 -0.080206 -0.038100 0.065698 0.997832 0.003861 9.490500 0.079781 -0.009109 0.996771 -1.392100 0.000000 0.000000 0.000000 1.000000
0.998715 -0.006157 -0.050299 -0.038100 0.007396 0.999673 0.024487 9.490500 0.050132 -0.024828 0.998434 -1.392100 0.000000 0.000000 0.000000 1.000000
0.999565 0.020349 -0.021351 -0.038100 -0.019624 0.999242 0.033631 9.490500 0.022020 -0.033197 0.999206 -1.392100 0.000000 0.000000 0.000000 1.000000
0.999929 0.009448 -0.007236 -0.038100 -0.009221 0.999487 0.030680 9.490500 0.007522 -0.030611 0.999503 -1.392100 0.000000 0.000000 0.000000 1.000000
0.999770 -0.010094 -0.018935 -0.038100 0.010540 0.999667 0.023571 9.490500 0.018691 -0.023765 0.999543 -1.392100 0.000000 0.000000 0.000000 1.000000
0.998274 -0.019433 -0.055422 -0.038100 0.020438 0.999636 0.017634 9.490500 0.055059 -0.018736 0.998307 -1.392100 0.000000 0.000000 0.000000 1.000000
0.994160 -0.009313 -0.107517 -0.038100 0.010466 0.999893 0.010172 9.490500 0.107411 -0.011238 0.994151 -1.392100 0.000000 0.000000 0.000000 1.000000
0.987353 0.001156 -0.158531 -0.038100 -0.001426 0.999998 -0.001591 9.490500 0.158529 0.001797 0.987353 -1.392100 0.000000 0.000000 0.000000 1.000000
0.978999 -0.013866 -0.203393 -0.038100 0.011618 0.999858 -0.012244 9.490500 0.203534 0.009624 0.979021 -1.392100 0.000000 0.000000 0.000000 1.000000
0.966755 -0.062323 -0.247993 -0.038100 0.059654 0.998052 -0.018271 9.490500 0.248648 0.002869 0.968590 -1.392100 0.000000 0.000000 0.000000 1.000000
0.947892 -0.121292 -0.294600 -0.038100 0.119441 0.992543 -0.024340 9.490500 0.295355 -0.012116 0.955311 -1.392100 0.000000 0.000000 0.000000 1.000000
0.928528 -0.161183 -0.334450 -0.038100 0.160239 0.986604 -0.030608 9.490500 0.334903 -0.025171 0.941916 -1.392100 0.000000 0.000000 0.000000 1.000000
0.920643 -0.157053 -0.357423 -0.038100 0.158699 0.987012 -0.024922 9.490500 0.356695 -0.033778 0.933610 -1.392100 0.000000 0.000000 0.000000 1.000000
0.925039 -0.120926 -0.360110 -0.038100 0.126813 0.991900 -0.007329 9.490500 0.358080 -0.038887 0.932881 -1.392100 0.000000 0.000000 0.000000 1.000000
0.937745 -0.093604 -0.334475 -0.038100 0.100825 0.994895 0.004252 9.490500 0.332369 -0.037710 0.942395 -1.392100 0.000000 0.000000 0.000000 1.000000
0.953305 -0.100448 -0.284815 -0.038100 0.104927 0.994480 0.000470 9.490500 0.283195 -0.030332 0.958582 -1.392100 0.000000 0.000000 0.000000 1.000000
0.966603 -0.120371 -0.226249 -0.038100 0.121941 0.992512 -0.007077 9.490500 0.225407 -0.020748 0.974044 -1.392100 0.000000 0.000000 0.000000 1.000000
0.976555 -0.136065 -0.166813 -0.038100 0.135831 0.990649 -0.012866 9.490500 0.167004 -0.010094 0.985905 -1.392100 0.000000 0.000000 0.000000 1.000000
0.981794 -0.124778 -0.143217 -0.038100 0.123141 0.992182 -0.020274 9.490500 0.144627 0.002269 0.989484 -1.392100 0.000000 0.000000 0.000000 1.000000</float_array>
        <technique_common>
          <accessor source="#mixamorig_Spine-Matrix-animation-output-transform-array" count="21" stride="16">
            <param type="float4x4"/>
          </accessor>
        </technique_common>
      </source>
      <source id="mixamorig_Spine-Interpolations">
        <Name_array id="mixamorig_Spine-Interpolations-array" count="21">
 LINEAR LINEAR LINEAR LINEAR LINEAR LINEAR LINEAR LINEAR LINEAR LINEAR LINEAR
LINEAR LINEAR LINEAR LINEAR LINEAR LINEAR LINEAR LINEAR LINEAR LINEAR</Name_array>
        <technique_common>
          <accessor source="#mixamorig_Spine-Interpolations-array" count="21">
            <param type="name"/>
          </accessor>
        </technique_common>
      </source>
      <sampler id="mixamorig_Spine-Matrix-animation-transform">
        <input semantic="INPUT" source="#mixamorig_Spine-Matrix-animation-input"/>
        <input semantic="OUTPUT" source="#mixamorig_Spine-Matrix-animation-output-transform"/>
        <input semantic="INTERPOLATION" source="#mixamorig_Spine-Interpolations"/>
      </sampler>
      <channel source="#mixamorig_Spine-Matrix-animation-transform" target="mixamorig_Spine/matrix"/>
    </animation>
    <animation id="mixamorig_Spine1-anim" name="mixamorig_Spine1">
      <source id="mixamorig_Spine1-Matrix-animation-input">
        <float_array id="mixamorig_Spine1-Matrix-animation-input-array" count="21">

0.000000 0.033333 0.066667 0.100000 0.133333 0.166667 0.200000 0.233333 0.266667 0.300000 0.333333 0.366667 0.400000 0.433333 0.466667 0.500000
0.533333 0.566667 0.600000 0.633333 0.666667</float_array>
        <technique_common>
          <accessor source="#mixamorig_Spine1-Matrix-animation-input-array" count="21">
            <param name="TIME" type="float"/>
          </accessor>
        </technique_common>
      </source>
      <source id="mixamorig_Spine1-Matrix-animation-output-transform">
        <float_array id="mixamorig_Spine1-Matrix-animation-output-transform-array" count="336">

0.997425 -0.034172 -0.063061 0.000000 0.030481 0.997817 -0.058588 11.190800 0.064925 0.056515 0.996289 0.000000 0.000000 0.000000 0.000000 1.000000
0.998324 -0.030567 -0.049146 0.000000 0.027688 0.997920 -0.058223 11.190800 0.050824 0.056764 0.997093 -0.000000 0.000000 0.000000 0.000000 1.000000
0.999185 -0.018878 -0.035672 0.000000 0.016934 0.998396 -0.054026 11.190800 0.036634 0.053378 0.997902 0.000000 0.000000 0.000000 0.000000 1.000000
0.999727 -0.005289 -0.022750 0.000000 0.004150 0.998749 -0.049827 11.190800 0.022985 0.049719 0.998499 -0.000000 0.000000 0.000000 0.000000 1.000000
0.999923 0.000469 -0.012415 0.000000 -0.001062 0.998855 -0.047838 11.190800 0.012379 0.047847 0.998778 0.000000 0.000000 0.000000 0.000000 1.000000
0.999954 -0.003695 -0.008889 0.000000 0.003268 0.998863 -0.047560 11.190800 0.009054 0.047529 0.998829 0.000000 0.000000 0.000000 0.000000 1.000000
0.999832 -0.010028 -0.015358 0.000000 0.009279 0.998802 -0.048042 11.190800 0.015821 0.047892 0.998727 0.000000 0.000000 0.000000 0.000000 1.000000
0.999471 -0.011969 -0.030251 0.000000 0.010463 0.998720 -0.049477 11.190800 0.030804 0.049135 0.998317 -0.000000 0.000000 0.000000 0.000000 1.000000
0.998772 -0.010387 -0.048434 0.000000 0.007811 0.998559 -0.053092 11.190800 0.048915 0.052649 0.997414 0.000000 0.000000 0.000000 0.000000 1.000000
0.997721 -0.010399 -0.066670 0.000000 0.006487 0.998259 -0.058627 11.190800 0.067163 0.058060 0.996051 0.000000 0.000000 0.000000 0.000000 1.000000
0.996177 -0.016370 -0.085814 0.000000 0.011056 0.998013 -0.062033 11.190800 0.086659 0.060847 0.994378 -0.000000 0.000000 0.000000 0.000000 1.000000
0.993896 -0.027875 -0.106743 0.000000 0.021450 0.997915 -0.060878 11.190800 0.108217 0.058217 0.992421 0.000000 0.000000 0.000000 0.000000 1.000000
0.991200 -0.039038 -0.126488 -0.000000 0.031864 0.997793 -0.058249 11.190800 0.128483 0.053706 0.990256 0.000000 0.000000 0.000000 0.000000 1.000000
0.989197 -0.043720 -0.139920 0.000000 0.036154 0.997767 -0.056166 11.190800 0.142063 0.050501 0.988569 -0.000000 0.000000 0.000000 0.000000 1.000000
0.988611 -0.041220 -0.144738 -0.000000 0.033953 0.998053 -0.052326 11.190800 0.146613 0.046816 0.988085 0.000000 0.000000 0.000000 0.000000 1.000000
0.989138 -0.036212 -0.142460 -0.000000 0.029820 0.998461 -0.046757 11.190800 0.143933 0.042002 0.988696 -0.000000 0.000000 0.000000 0.000000 1.000000
0.990340 -0.033751 -0.134493 0.000000 0.028027 0.998628 -0.044230 11.190800 0.135801 0.040033 0.989927 -0.000000 0.000000 0.000000 0.000000 1.000000
0.992221 -0.034998 -0.119465 -0.000000 0.029575 0.998463 -0.046867 11.190800 0.120922 0.042969 0.991732 -0.000000 0.000000 0.000000 0.000000 1.000000
0.994603 -0.037727 -0.096649 -0.000000 0.032884 0.998146 -0.051218 11.190800 0.098402 0.047764 0.994000 -0.000000 0.000000 0.000000 0.000000 1.000000
0.996591 -0.038439 -0.073004 -0.000000 0.034490 0.997912 -0.054612 11.190800 0.074951 0.051908 0.995835 0.000000 0.000000 0.000000 0.000000 1.000000
0.997425 -0.034172 -0.063060 0.000000 0.030481 0.997817 -0.058588 11.190800 0.064925 0.056515 0.996289 -0.000000 0.000000 0.000000 0.000000 1.000000</float_array>
        <technique_common>
          <accessor source="#mixamorig_Spine1-Matrix-animation-output-transform-array" count="21" stride="16">
            <param type="float4x4"/>
          </accessor>
        </technique_common>
      </source>
      <source id="mixamorig_Spine1-Interpolations">
        <Name_array id="mixamorig_Spine1-Interpolations-array" count="21">
 LINEAR LINEAR LINEAR LINEAR LINEAR LINEAR LINEAR LINEAR LINEAR LINEAR LINEAR
LINEAR LINEAR LINEAR LINEAR LINEAR LINEAR LINEAR LINEAR LINEAR LINEAR</Name_array>
        <technique_common>
          <accessor source="#mixamorig_Spine1-Interpolations-array" count="21">
            <param type="name"/>
          </accessor>
        </technique_common>
      </source>
      <sampler id="mixamorig_Spine1-Matrix-animation-transform">
        <input semantic="INPUT" source="#mixamorig_Spine1-Matrix-animation-input"/>
        <input semantic="OUTPUT" source="#mixamorig_Spine1-Matrix-animation-output-transform"/>
        <input semantic="INTERPOLATION" source="#mixamorig_Spine1-Interpolations"/>
      </sampler>
      <channel source="#mixamorig_Spine1-Matrix-animation-transform" target="mixamorig_Spine1/matrix"/>
    </animation>
    <animation id="mixamorig_Spine2-anim" name="mixamorig_Spine2">
      <source id="mixamorig_Spine2-Matrix-animation-input">
        <float_array id="mixamorig_Spine2-Matrix-animation-input-array" count="21">

0.000000 0.033333 0.066667 0.100000 0.133333 0.166667 0.200000 0.233333 0.266667 0.300000 0.333333 0.366667 0.400000 0.433333 0.466667 0.500000
0.533333 0.566667 0.600000 0.633333 0.666667</float_array>
        <technique_common>
          <accessor source="#mixamorig_Spine2-Matrix-animation-input-array" count="21">
            <param name="TIME" type="float"/>
          </accessor>
        </technique_common>
      </source>
      <source id="mixamorig_Spine2-Matrix-animation-output-transform">
        <float_array id="mixamorig_Spine2-Matrix-animation-output-transform-array" count="336">

0.997540 -0.039896 -0.057636 -0.000000 0.027452 0.978902 -0.202477 12.789500 0.064499 0.200397 0.977589 0.000000 0.000000 0.000000 0.000000 1.000000
0.998425 -0.034097 -0.044551 0.000000 0.024414 0.979047 -0.202163 12.789500 0.050510 0.200757 0.978338 0.000000 0.000000 0.000000 0.000000 1.000000
0.999242 -0.020323 -0.033204 -0.000000 0.013352 0.980093 -0.198087 12.789500 0.036568 0.197494 0.979622 0.000000 0.000000 0.000000 0.000000 1.000000
0.999732 -0.004792 -0.022634 -0.000000 0.000309 0.980997 -0.194025 12.789500 0.023134 0.193966 0.980735 -0.000000 0.000000 0.000000 0.000000 1.000000
0.999908 0.002497 -0.013301 -0.000000 -0.005007 0.981353 -0.192150 12.789500 0.012574 0.192199 0.981275 -0.000000 0.000000 0.000000 0.000000 1.000000
0.999958 -0.001134 -0.009099 0.000000 -0.000633 0.981408 -0.191931 12.789500 0.009147 0.191929 0.981366 0.000000 0.000000 0.000000 0.000000 1.000000
0.999861 -0.008413 -0.014429 -0.000000 0.005480 0.981304 -0.192387 12.789500 0.015777 0.192281 0.981213 0.000000 0.000000 0.000000 0.000000 1.000000
0.999507 -0.012589 -0.028772 0.000000 0.006779 0.981029 -0.193742 12.789500 0.030665 0.193452 0.980630 0.000000 0.000000 0.000000 0.000000 1.000000
0.998804 -0.013818 -0.046909 0.000000 0.004297 0.980338 -0.197276 12.789500 0.048712 0.196839 0.979225 -0.000000 0.000000 0.000000 0.000000 1.000000
0.997756 -0.016752 -0.064828 0.000000 0.003267 0.979222 -0.202765 12.789500 0.066877 0.202099 0.977079 0.000000 0.000000 0.000000 0.000000 1.000000
0.996239 -0.025788 -0.082727 -0.000000 0.008209 0.978484 -0.206159 12.789500 0.086263 0.204704 0.975015 0.000000 0.000000 0.000000 0.000000 1.000000
0.993998 -0.040468 -0.101643 -0.000000 0.018890 0.978604 -0.204884 12.789500 0.107759 0.201734 0.973494 0.000000 0.000000 0.000000 0.000000 1.000000
0.991328 -0.054460 -0.119593 -0.000000 0.029425 0.978965 -0.201894 12.789500 0.128073 0.196625 0.972078 0.000000 0.000000 0.000000 0.000000 1.000000
0.989325 -0.061129 -0.132286 -0.000000 0.033840 0.979321 -0.199460 12.789500 0.141743 0.192854 0.970936 0.000000 0.000000 0.000000 0.000000 1.000000
0.988727 -0.059691 -0.137318 -0.000000 0.031991 0.980140 -0.195711 12.789500 0.146273 0.189112 0.971000 -0.000000 0.000000 0.000000 0.000000 1.000000
0.989255 -0.054888 -0.135508 -0.000000 0.028329 0.981250 -0.190647 12.789500 0.143432 0.184760 0.972261 -0.000000 0.000000 0.000000 0.000000 1.000000
0.990465 -0.051500 -0.127778 -0.000000 0.026722 0.981703 -0.188533 12.789500 0.135150 0.183320 0.973719 0.000000 0.000000 0.000000 0.000000 1.000000
0.992350 -0.050210 -0.112789 -0.000000 0.027915 0.981160 -0.191172 12.789500 0.120263 0.186561 0.975055 -0.000000 0.000000 0.000000 0.000000 1.000000
0.994734 -0.048919 -0.090063 -0.000000 0.030526 0.980271 -0.195286 12.789500 0.097839 0.191508 0.976602 0.000000 0.000000 0.000000 0.000000 1.000000
0.996723 -0.045644 -0.066785 -0.000000 0.031558 0.979590 -0.198511 12.789500 0.074483 0.195753 0.977821 -0.000000 0.000000 0.000000 0.000000 1.000000
0.997540 -0.039897 -0.057637 -0.000000 0.027452 0.978902 -0.202477 12.789500 0.064499 0.200397 0.977589 -0.000000 0.000000 0.000000 0.000000 1.000000</float_array>
        <technique_common>
          <accessor source="#mixamorig_Spine2-Matrix-animation-output-transform-array" count="21" stride="16">
            <param type="float4x4"/>
          </accessor>
        </technique_common>
      </source>
      <source id="mixamorig_Spine2-Interpolations">
        <Name_array id="mixamorig_Spine2-Interpolations-array" count="21">
 LINEAR LINEAR LINEAR LINEAR LINEAR LINEAR LINEAR LINEAR LINEAR LINEAR LINEAR
LINEAR LINEAR LINEAR LINEAR LINEAR LINEAR LINEAR LINEAR LINEAR LINEAR</Name_array>
        <technique_common>
          <accessor source="#mixamorig_Spine2-Interpolations-array" count="21">
            <param type="name"/>
          </accessor>
        </technique_common>
      </source>
      <sampler id="mixamorig_Spine2-Matrix-animation-transform">
        <input semantic="INPUT" source="#mixamorig_Spine2-Matrix-animation-input"/>
        <input semantic="OUTPUT" source="#mixamorig_Spine2-Matrix-animation-output-transform"/>
        <input semantic="INTERPOLATION" source="#mixamorig_Spine2-Interpolations"/>
      </sampler>
      <channel source="#mixamorig_Spine2-Matrix-animation-transform" target="mixamorig_Spine2/matrix"/>
    </animation>
    <animation id="mixamorig_Neck-anim" name="mixamorig_Neck">
      <source id="mixamorig_Neck-Matrix-animation-input">
        <float_array id="mixamorig_Neck-Matrix-animation-input-array" count="21">

0.000000 0.033333 0.066667 0.100000 0.133333 0.166667 0.200000 0.233333 0.266667 0.300000 0.333333 0.366667 0.400000 0.433333 0.466667 0.500000
0.533333 0.566667 0.600000 0.633333 0.666667</float_array>
        <technique_common>
          <accessor source="#mixamorig_Neck-Matrix-animation-input-array" count="21">
            <param name="TIME" type="float"/>
          </accessor>
        </technique_common>
      </source>
      <source id="mixamorig_Neck-Matrix-animation-output-transform">
        <float_array id="mixamorig_Neck-Matrix-animation-output-transform-array" count="336">

0.992070 0.039773 -0.119226 -0.056900 -0.037691 0.999096 0.019665 14.235800 0.119901 -0.015015 0.992672 -2.088100 0.000000 0.000000 0.000000 1.000000
0.990544 0.038163 -0.131777 -0.056900 -0.036100 0.999186 0.018017 14.235800 0.132357 -0.013089 0.991116 -2.088100 0.000000 0.000000 0.000000 1.000000
0.988800 0.030075 -0.146187 -0.056900 -0.028269 0.999496 0.014416 14.235800 0.146547 -0.010122 0.989152 -2.088100 0.000000 0.000000 0.000000 1.000000
0.986531 0.018439 -0.162529 -0.056900 -0.015726 0.999715 0.017959 14.235800 0.162814 -0.015161 0.986540 -2.088100 0.000000 0.000000 0.000000 1.000000
0.984193 0.010961 -0.176761 -0.056900 -0.005711 0.999528 0.030181 14.235800 0.177008 -0.028694 0.983791 -2.088100 0.000000 0.000000 0.000000 1.000000
0.983164 0.010090 -0.182445 -0.056900 -0.002809 0.999191 0.040121 14.235800 0.182703 -0.038933 0.982397 -2.088100 0.000000 0.000000 0.000000 1.000000
0.984207 0.012461 -0.176585 -0.056900 -0.005724 0.999238 0.038611 14.235800 0.176931 -0.036991 0.983528 -2.088100 0.000000 0.000000 0.000000 1.000000
0.986604 0.016241 -0.162325 -0.056900 -0.011353 0.999455 0.030996 14.235800 0.162740 -0.028738 0.986250 -2.088100 0.000000 0.000000 0.000000 1.000000
0.989106 0.020773 -0.145729 -0.056900 -0.016596 0.999418 0.029817 14.235800 0.146263 -0.027074 0.988875 -2.088100 0.000000 0.000000 0.000000 1.000000
0.991079 0.025747 -0.130761 -0.056900 -0.020871 0.999040 0.038525 14.235800 0.131628 -0.035452 0.990665 -2.088100 0.000000 0.000000 0.000000 1.000000
0.992608 0.034642 -0.116314 -0.056900 -0.029506 0.998524 0.045590 14.235800 0.117721 -0.041821 0.992166 -2.088100 0.000000 0.000000 0.000000 1.000000
0.993866 0.049054 -0.099117 -0.056900 -0.045321 0.998188 0.039575 14.235800 0.100879 -0.034840 0.994289 -2.088100 0.000000 0.000000 0.000000 1.000000
0.994908 0.061725 -0.079670 -0.056900 -0.060060 0.997927 0.023128 14.235800 0.080932 -0.018225 0.996553 -2.088100 0.000000 0.000000 0.000000 1.000000
0.995863 0.065412 -0.063065 -0.056900 -0.065247 0.997858 0.004662 14.235800 0.063235 -0.000527 0.997999 -2.088100 0.000000 0.000000 0.000000 1.000000
0.996484 0.064292 -0.053731 -0.056900 -0.064972 0.997827 -0.010991 14.235800 0.052907 0.014444 0.998495 -2.088100 0.000000 0.000000 0.000000 1.000000
0.996368 0.067100 -0.052432 -0.056900 -0.068225 0.997470 -0.019972 14.235800 0.050959 0.023477 0.998425 -2.088100 0.000000 0.000000 0.000000 1.000000
0.995586 0.072475 -0.059624 -0.056900 -0.073612 0.997140 -0.017095 14.235800 0.058214 0.021409 0.998075 -2.088100 0.000000 0.000000 0.000000 1.000000
0.994637 0.068842 -0.077193 -0.056900 -0.069228 0.997598 -0.002336 14.235800 0.076847 0.007668 0.997013 -2.088100 0.000000 0.000000 0.000000 1.000000
0.993458 0.051859 -0.101740 -0.056900 -0.050658 0.998613 0.014361 14.235800 0.102343 -0.009113 0.994707 -2.088100 0.000000 0.000000 0.000000 1.000000
0.992123 0.035070 -0.120255 -0.056900 -0.032640 0.999222 0.022114 14.235800 0.120938 -0.018015 0.992497 -2.088100 0.000000 0.000000 0.000000 1.000000
0.992070 0.039773 -0.119226 -0.056900 -0.037691 0.999096 0.019665 14.235800 0.119900 -0.015015 0.992672 -2.088100 0.000000 0.000000 0.000000 1.000000</float_array>
        <technique_common>
          <accessor source="#mixamorig_Neck-Matrix-animation-output-transform-array" count="21" stride="16">
            <param type="float4x4"/>
          </accessor>
        </technique_common>
      </source>
      <source id="mixamorig_Neck-Interpolations">
        <Name_array id="mixamorig_Neck-Interpolations-array" count="21">
 LINEAR LINEAR LINEAR LINEAR LINEAR LINEAR LINEAR LINEAR LINEAR LINEAR LINEAR
LINEAR LINEAR LINEAR LINEAR LINEAR LINEAR LINEAR LINEAR LINEAR LINEAR</Name_array>
        <technique_common>
          <accessor source="#mixamorig_Neck-Interpolations-array" count="21">
            <param type="name"/>
          </accessor>
        </technique_common>
      </source>
      <sampler id="mixamorig_Neck-Matrix-animation-transform">
        <input semantic="INPUT" source="#mixamorig_Neck-Matrix-animation-input"/>
        <input semantic="OUTPUT" source="#mixamorig_Neck-Matrix-animation-output-transform"/>
        <input semantic="INTERPOLATION" source="#mixamorig_Neck-Interpolations"/>
      </sampler>
      <channel source="#mixamorig_Neck-Matrix-animation-transform" target="mixamorig_Neck/matrix"/>
    </animation>
    <animation id="mixamorig_Head-anim" name="mixamorig_Head">
      <source id="mixamorig_Head-Matrix-animation-input">
        <float_array id="mixamorig_Head-Matrix-animation-input-array" count="21">

0.000000 0.033333 0.066667 0.100000 0.133333 0.166667 0.200000 0.233333 0.266667 0.300000 0.333333 0.366667 0.400000 0.433333 0.466667 0.500000
0.533333 0.566667 0.600000 0.633333 0.666667</float_array>
        <technique_common>
          <accessor source="#mixamorig_Head-Matrix-animation-input-array" count="21">
            <param name="TIME" type="float"/>
          </accessor>
        </technique_common>
      </source>
      <source id="mixamorig_Head-Matrix-animation-output-transform">
        <float_array id="mixamorig_Head-Matrix-animation-output-transform-array" count="336">

0.654083 -0.194417 -0.731011 0.000000 0.480878 0.852856 0.203451 3.280200 0.583893 -0.484601 0.651330 0.313300 0.000000 0.000000 0.000000 1.000000
0.630284 -0.178175 -0.755642 0.000000 0.464745 0.866244 0.183392 3.280200 0.621895 -0.466770 0.628786 0.313300 0.000000 0.000000 0.000000 1.000000
0.585422 -0.189950 -0.788163 0.000000 0.458485 0.879345 0.128623 3.280200 0.668635 -0.436660 0.601877 0.313300 0.000000 0.000000 0.000000 1.000000
0.530484 -0.204170 -0.822740 -0.000000 0.461808 0.883498 0.078516 3.280200 0.710859 -0.421599 0.562969 0.313300 0.000000 0.000000 0.000000 1.000000
0.491520 -0.197206 -0.848244 0.000000 0.467739 0.881390 0.066122 3.280200 0.734594 -0.429257 0.525462 0.313300 0.000000 0.000000 0.000000 1.000000
0.487497 -0.176009 -0.855200 0.000000 0.468247 0.879409 0.085928 3.280200 0.736947 -0.442335 0.511125 0.313300 0.000000 0.000000 0.000000 1.000000
0.513620 -0.162416 -0.842505 -0.000000 0.461663 0.879981 0.111805 3.280200 0.723230 -0.446379 0.526957 0.313300 0.000000 0.000000 0.000000 1.000000
0.550337 -0.166139 -0.818246 0.000000 0.459658 0.878411 0.130802 3.280200 0.697025 -0.448099 0.559789 0.313300 0.000000 0.000000 0.000000 1.000000
0.581661 -0.184053 -0.792335 -0.000000 0.474955 0.867624 0.147128 3.280200 0.660370 -0.461902 0.592080 0.313300 0.000000 0.000000 0.000000 1.000000
0.606212 -0.204132 -0.768659 0.000000 0.496519 0.852145 0.165283 3.280200 0.621269 -0.481850 0.617936 0.313300 0.000000 0.000000 0.000000 1.000000
0.634096 -0.213349 -0.743239 -0.000000 0.497787 0.848155 0.181223 3.280200 0.591718 -0.484887 0.644014 0.313300 0.000000 0.000000 0.000000 1.000000
0.672061 -0.211161 -0.709750 0.000000 0.473258 0.859664 0.192364 3.280200 0.569527 -0.465175 0.677680 0.313300 0.000000 0.000000 0.000000 1.000000
0.714458 -0.209970 -0.667429 0.000000 0.443222 0.873926 0.199520 3.280200 0.541390 -0.438368 0.717447 0.313300 0.000000 0.000000 0.000000 1.000000
0.748418 -0.219359 -0.625901 0.000000 0.425117 0.883023 0.198859 3.280200 0.509064 -0.414911 0.754124 0.313300 0.000000 0.000000 0.000000 1.000000
0.766060 -0.233560 -0.598834 -0.000000 0.416106 0.890283 0.185073 3.280200 0.489906 -0.390955 0.779196 0.313300 0.000000 0.000000 0.000000 1.000000
0.768529 -0.239278 -0.593389 0.000000 0.405661 0.899425 0.162709 3.280200 0.494776 -0.365761 0.788299 0.313300 0.000000 0.000000 0.000000 1.000000
0.757202 -0.229355 -0.611589 0.000000 0.394207 0.907041 0.147911 3.280200 0.520812 -0.353091 0.777227 0.313300 0.000000 0.000000 0.000000 1.000000
0.729428 -0.206975 -0.651994 0.000000 0.394444 0.905977 0.153688 3.280200 0.558881 -0.369279 0.742485 0.313300 0.000000 0.000000 0.000000 1.000000
0.689345 -0.184604 -0.700517 0.000000 0.416352 0.892287 0.174571 3.280200 0.592836 -0.412002 0.691954 0.313300 0.000000 0.000000 0.000000 1.000000
0.657982 -0.177284 -0.731868 -0.000000 0.451163 0.870958 0.194639 3.280200 0.602919 -0.458261 0.653058 0.313300 0.000000 0.000000 0.000000 1.000000
0.654083 -0.194417 -0.731011 0.000000 0.480878 0.852856 0.203451 3.280200 0.583893 -0.484601 0.651330 0.313300 0.000000 0.000000 0.000000 1.000000</float_array>
        <technique_common>
          <accessor source="#mixamorig_Head-Matrix-animation-output-transform-array" count="21" stride="16">
            <param type="float4x4"/>
          </accessor>
        </technique_common>
      </source>
      <source id="mixamorig_Head-Interpolations">
        <Name_array id="mixamorig_Head-Interpolations-array" count="21">
 LINEAR LINEAR LINEAR LINEAR LINEAR LINEAR LINEAR LINEAR LINEAR LINEAR LINEAR
LINEAR LINEAR LINEAR LINEAR LINEAR LINEAR LINEAR LINEAR LINEAR LINEAR</Name_array>
        <technique_common>
          <accessor source="#mixamorig_Head-Interpolations-array" count="21">
            <param type="name"/>
          </accessor>
        </technique_common>
      </source>
      <sampler id="mixamorig_Head-Matrix-animation-transform">
        <input semantic="INPUT" source="#mixamorig_Head-Matrix-animation-input"/>
        <input semantic="OUTPUT" source="#mixamorig_Head-Matrix-animation-output-transform"/>
        <input semantic="INTERPOLATION" source="#mixamorig_Head-Interpolations"/>
      </sampler>
      <channel source="#mixamorig_Head-Matrix-animation-transform" target="mixamorig_Head/matrix"/>
    </animation>
    <animation id="mixamorig_LeftShoulder-anim" name="mixamorig_LeftShoulder">
      <source id="mixamorig_LeftShoulder-Matrix-animation-input">
        <float_array id="mixamorig_LeftShoulder-Matrix-animation-input-array" count="21">

0.000000 0.033333 0.066667 0.100000 0.133333 0.166667 0.200000 0.233333 0.266667 0.300000 0.333333 0.366667 0.400000 0.433333 0.466667 0.500000
0.533333 0.566667 0.600000 0.633333 0.666667</float_array>
        <technique_common>
          <accessor source="#mixamorig_LeftShoulder-Matrix-animation-input-array" count="21">
            <param name="TIME" type="float"/>
          </accessor>
        </technique_common>
      </source>
      <source id="mixamorig_LeftShoulder-Matrix-animation-output-transform">
        <float_array id="mixamorig_LeftShoulder-Matrix-animation-output-transform-array" count="336">

0.211182 0.889746 -0.404666 6.728800 0.005731 -0.415123 -0.909747 11.756600 -0.977430 0.189804 -0.092766 -2.058500 0.000000 0.000000 0.000000 1.000000
0.206911 0.893191 -0.399247 6.728800 0.006352 -0.409296 -0.912380 11.756600 -0.978339 0.186245 -0.090362 -2.058500 0.000000 0.000000 0.000000 1.000000
0.202069 0.898445 -0.389826 6.728800 0.007199 -0.399388 -0.916754 11.756600 -0.979345 0.182441 -0.087172 -2.058500 0.000000 0.000000 0.000000 1.000000
0.213438 0.900483 -0.378912 6.728800 0.007932 -0.389434 -0.921020 11.756600 -0.976924 0.193576 -0.090263 -2.058500 0.000000 0.000000 0.000000 1.000000
0.237361 0.897370 -0.372005 6.728800 0.008444 -0.384840 -0.922945 11.756600 -0.971385 0.215930 -0.098923 -2.058500 0.000000 0.000000 0.000000 1.000000
0.258389 0.891409 -0.372324 6.728800 0.008275 -0.387440 -0.921858 11.756600 -0.966005 0.235117 -0.107486 -2.058500 0.000000 0.000000 0.000000 1.000000
0.269417 0.884937 -0.379870 6.728800 0.007272 -0.396314 -0.918086 11.756600 -0.962996 0.244586 -0.113209 -2.058500 0.000000 0.000000 0.000000 1.000000
0.273395 0.876971 -0.395192 6.728800 0.005366 -0.412229 -0.911065 11.756600 -0.961887 0.246959 -0.117407 -2.058500 0.000000 0.000000 0.000000 1.000000
0.273391 0.867883 -0.414774 6.728800 0.003002 -0.431969 -0.901883 11.756600 -0.961898 0.245321 -0.120702 -2.058500 0.000000 0.000000 0.000000 1.000000
0.273732 0.861793 -0.427063 6.728800 0.001517 -0.444409 -0.895823 11.756600 -0.961805 0.244568 -0.122957 -2.058500 0.000000 0.000000 0.000000 1.000000
0.279322 0.863123 -0.420712 6.728800 0.002058 -0.438688 -0.898637 11.756600 -0.960195 0.250144 -0.124312 -2.058500 0.000000 0.000000 0.000000 1.000000
0.287216 0.871480 -0.397529 6.728800 0.004880 -0.416341 -0.909195 11.756600 -0.957853 0.259196 -0.123833 -2.058500 0.000000 0.000000 0.000000 1.000000
0.286002 0.883155 -0.371806 6.728800 0.008551 -0.390351 -0.920626 11.756600 -0.958191 0.260121 -0.119193 -2.058500 0.000000 0.000000 0.000000 1.000000
0.269911 0.894790 -0.355667 6.728800 0.010765 -0.372158 -0.928107 11.756600 -0.962825 0.246678 -0.110082 -2.058500 0.000000 0.000000 0.000000 1.000000
0.247734 0.902765 -0.351631 6.728800 0.011026 -0.365548 -0.930727 11.756600 -0.968765 0.226695 -0.100513 -2.058500 0.000000 0.000000 0.000000 1.000000
0.233133 0.904704 -0.356594 6.728800 0.010343 -0.368985 -0.929378 11.756600 -0.972390 0.212981 -0.095380 -2.058500 0.000000 0.000000 0.000000 1.000000
0.231162 0.901014 -0.367065 6.728800 0.009327 -0.379319 -0.925219 11.756600 -0.972870 0.210452 -0.096088 -2.058500 0.000000 0.000000 0.000000 1.000000
0.239416 0.893852 -0.379088 6.728800 0.008179 -0.392286 -0.919807 11.756600 -0.970883 0.217115 -0.101231 -2.058500 0.000000 0.000000 0.000000 1.000000
0.250479 0.886869 -0.388232 6.728800 0.007159 -0.402701 -0.915303 11.756600 -0.968096 0.226485 -0.107217 -2.058500 0.000000 0.000000 0.000000 1.000000
0.247469 0.884917 -0.394564 6.728800 0.006434 -0.408723 -0.912636 11.756600 -0.968874 0.223311 -0.106840 -2.058500 0.000000 0.000000 0.000000 1.000000
0.211183 0.889746 -0.404666 6.728800 0.005731 -0.415123 -0.909747 11.756600 -0.977430 0.189804 -0.092766 -2.058500 0.000000 0.000000 0.000000 1.000000</float_array>
        <technique_common>
          <accessor source="#mixamorig_LeftShoulder-Matrix-animation-output-transform-array" count="21" stride="16">
            <param type="float4x4"/>
          </accessor>
        </technique_common>
      </source>
      <source id="mixamorig_LeftShoulder-Interpolations">
        <Name_array id="mixamorig_LeftShoulder-Interpolations-array" count="21">
 LINEAR LINEAR LINEAR LINEAR LINEAR LINEAR LINEAR LINEAR LINEAR LINEAR LINEAR
LINEAR LINEAR LINEAR LINEAR LINEAR LINEAR LINEAR LINEAR LINEAR LINEAR</Name_array>
        <technique_common>
          <accessor source="#mixamorig_LeftShoulder-Interpolations-array" count="21">
            <param type="name"/>
          </accessor>
        </technique_common>
      </source>
      <sampler id="mixamorig_LeftShoulder-Matrix-animation-transform">
        <input semantic="INPUT" source="#mixamorig_LeftShoulder-Matrix-animation-input"/>
        <input semantic="OUTPUT" source="#mixamorig_LeftShoulder-Matrix-animation-output-transform"/>
        <input semantic="INTERPOLATION" source="#mixamorig_LeftShoulder-Interpolations"/>
      </sampler>
      <channel source="#mixamorig_LeftShoulder-Matrix-animation-transform" target="mixamorig_LeftShoulder/matrix"/>
    </animation>
    <animation id="mixamorig_LeftArm-anim" name="mixamorig_LeftArm">
      <source id="mixamorig_LeftArm-Matrix-animation-input">
        <float_array id="mixamorig_LeftArm-Matrix-animation-input-array" count="21">

0.000000 0.033333 0.066667 0.100000 0.133333 0.166667 0.200000 0.233333 0.266667 0.300000 0.333333 0.366667 0.400000 0.433333 0.466667 0.500000
0.533333 0.566667 0.600000 0.633333 0.666667</float_array>
        <technique_common>
          <accessor source="#mixamorig_LeftArm-Matrix-animation-input-array" count="21">
            <param name="TIME" type="float"/>
          </accessor>
        </technique_common>
      </source>
      <source id="mixamorig_LeftArm-Matrix-animation-output-transform">
        <float_array id="mixamorig_LeftArm-Matrix-animation-output-transform-array" count="336">

0.903195 0.426083 0.051885 -0.000000 -0.264305 0.647322 -0.714924 14.448800 -0.338203 0.632003 0.697274 0.000000 0.000000 0.000000 0.000000 1.000000
0.919783 0.392428 0.000194 -0.000000 -0.247362 0.580157 -0.776035 14.448800 -0.304650 0.713736 0.630690 -0.000000 0.000000 0.000000 0.000000 1.000000
0.898052 0.434829 -0.066525 0.000000 -0.309661 0.517502 -0.797685 14.448800 -0.312430 0.736963 0.599394 0.000000 0.000000 0.000000 0.000000 1.000000
0.859221 0.491882 -0.140680 0.000000 -0.406486 0.489387 -0.771537 14.448800 -0.310658 0.720106 0.620435 -0.000000 0.000000 0.000000 0.000000 1.000000
0.834122 0.516052 -0.194757 0.000000 -0.478259 0.500756 -0.721465 14.448800 -0.274788 0.694934 0.664499 0.000000 0.000000 0.000000 0.000000 1.000000
0.843275 0.496056 -0.206921 0.000000 -0.484060 0.533594 -0.693515 14.448800 -0.233611 0.684986 0.690087 0.000000 0.000000 0.000000 0.000000 1.000000
0.874659 0.450323 -0.179389 0.000000 -0.434514 0.564329 -0.701947 14.448800 -0.214869 0.691912 0.689268 0.000000 0.000000 0.000000 0.000000 1.000000
0.911840 0.387976 -0.134249 0.000000 -0.360406 0.599871 -0.714326 14.448800 -0.196609 0.699735 0.686815 0.000000 0.000000 0.000000 0.000000 1.000000
0.948512 0.301604 -0.096747 -0.000000 -0.281146 0.661005 -0.695722 14.448800 -0.145882 0.687101 0.711766 0.000000 0.000000 0.000000 0.000000 1.000000
0.979933 0.180718 -0.084092 0.000000 -0.192280 0.745883 -0.637721 14.448800 -0.052525 0.641093 0.765664 0.000000 0.000000 0.000000 0.000000 1.000000
0.994215 0.036654 -0.100965 0.000000 -0.087129 0.824924 -0.558487 14.448800 0.062818 0.564053 0.823346 0.000000 0.000000 0.000000 0.000000 1.000000
0.986259 -0.079795 -0.144659 -0.000000 -0.000481 0.874232 -0.485507 14.448800 0.165207 0.478905 0.862181 0.000000 0.000000 0.000000 0.000000 1.000000
0.968571 -0.112744 -0.221720 -0.000000 0.007031 0.903430 -0.428677 14.448800 0.248640 0.413645 0.875829 0.000000 0.000000 0.000000 0.000000 1.000000
0.938368 -0.042434 -0.343022 0.000000 -0.095100 0.922432 -0.374267 14.448800 0.332296 0.383822 0.861545 0.000000 0.000000 0.000000 0.000000 1.000000
0.873072 0.079576 -0.481053 0.000000 -0.255770 0.914703 -0.312891 14.448800 0.415122 0.396215 0.818955 -0.000000 0.000000 0.000000 0.000000 1.000000
0.811703 0.172700 -0.557955 0.000000 -0.375196 0.886293 -0.271499 14.448800 0.447624 0.429719 0.784203 0.000000 0.000000 0.000000 0.000000 1.000000
0.835916 0.221437 -0.502205 0.000000 -0.406189 0.864959 -0.294713 14.448800 0.369127 0.450346 0.812979 0.000000 0.000000 0.000000 0.000000 1.000000
