<?xml version="1.0" encoding="utf-8"?>
<COLLADA xmlns="http://www.collada.org/2005/11/COLLADASchema" version="1.4.1">
  <asset>
    <contributor>
      <author>Mixamo</author>
      <authoring_tool>COLLADA Mixamo exporter</authoring_tool>
      <comments/>
    </contributor>
    <created>2024-12-16T10:31:01Z</created>
    <modified>2024-12-16T10:31:01Z</modified>
    <revision/>
    <title/>
    <unit meter="0.010000"/>
    <up_axis>Y_UP</up_axis>
  </asset>
  <library_animations>
    <animation id="mixamorig_Hips-anim" name="mixamorig_Hips">
      <source id="mixamorig_Hips-Matrix-animation-input">
        <float_array id="mixamorig_Hips-Matrix-animation-input-array" count="32">

0.000000 0.033333 0.066667 0.100000 0.133333 0.166667 0.200000 0.233333 0.266667 0.300000 0.333333 0.366667 0.400000 0.433333 0.466667 0.500000
0.533333 0.566667 0.600000 0.633333 0.666667 0.700000 0.733333 0.766667 0.800000 0.833333 0.866667 0.900000 0.933333 0.966667 1.000000 1.033333</float_array>
        <technique_common>
          <accessor source="#mixamorig_Hips-Matrix-animation-input-array" count="32">
            <param name="TIME" type="float"/>
          </accessor>
        </technique_common>
      </source>
      <source id="mixamorig_Hips-Matrix-animation-output-transform">
        <float_array id="mixamorig_Hips-Matrix-animation-output-transform-array" count="512">

0.980992 0.087904 -0.172995 1.473235 -0.116122 0.980195 -0.160419 103.315132 0.155467 0.177459 0.971771 0.488801 0.000000 0.000000 0.000000 1.000000
0.978194 0.084684 -0.189644 1.510453 -0.115058 0.981135 -0.155356 103.423416 0.172910 0.173789 0.969484 1.242798 0.000000 0.000000 0.000000 1.000000
0.974332 0.082508 -0.209450 1.420210 -0.113378 0.983648 -0.139933 103.474297 0.194480 0.160089 0.967755 1.958457 0.000000 0.000000 0.000000 1.000000
0.970751 0.080932 -0.226035 1.186069 -0.109040 0.987391 -0.114758 103.293961 0.213898 0.136048 0.967336 2.656606 0.000000 0.000000 0.000000 1.000000
0.970357 0.078877 -0.228440 0.914781 -0.101015 0.991084 -0.086884 102.803085 0.219550 0.107385 0.969673 3.285141 0.000000 0.000000 0.000000 1.000000
0.975195 0.071587 -0.209449 0.789013 -0.087127 0.994014 -0.065921 102.031326 0.203476 0.082534 0.975595 3.715340 0.000000 0.000000 0.000000 1.000000
0.982864 0.055959 -0.175632 0.893267 -0.066630 0.996235 -0.055459 101.311508 0.171867 0.066211 0.982893 3.635937 0.000000 0.000000 0.000000 1.000000
0.989089 0.031056 -0.144010 1.044998 -0.038913 0.997885 -0.052063 100.834618 0.142089 0.057099 0.988206 2.773984 0.000000 0.000000 0.000000 1.000000
0.992205 0.008233 -0.124341 0.985142 -0.014744 0.998562 -0.051536 100.653931 0.123738 0.052968 0.990900 1.365756 0.000000 0.000000 0.000000 1.000000
0.993646 -0.008954 -0.112194 0.642946 0.003157 0.998656 -0.051740 100.747101 0.112506 0.051057 0.992338 -0.154629 0.000000 0.000000 0.000000 1.000000
0.994939 -0.020617 -0.098345 0.217910 0.015656 0.998578 -0.050957 100.992874 0.099255 0.049160 0.993847 -1.375218 0.000000 0.000000 0.000000 1.000000
0.996149 -0.033523 -0.081014 -0.041850 0.029710 0.998414 -0.047820 101.250412 0.082489 0.045229 0.995565 -1.978966 0.000000 0.000000 0.000000 1.000000
0.996694 -0.050923 -0.063302 -0.054702 0.048191 0.997870 -0.043961 101.432556 0.065406 0.040765 0.997026 -2.029662 0.000000 0.000000 0.000000 1.000000
0.996637 -0.069167 -0.043931 0.050210 0.067243 0.996772 -0.043874 101.547798 0.046823 0.040772 0.998071 -1.831795 0.000000 0.000000 0.000000 1.000000
0.996662 -0.079879 -0.016884 0.115815 0.078975 0.995686 -0.048703 101.532829 0.020701 0.047207 0.998671 -1.586728 0.000000 0.000000 0.000000 1.000000
0.996303 -0.083929 0.018335 0.093853 0.084782 0.995031 -0.052206 101.477066 -0.013862 0.053567 0.998468 -1.209330 0.000000 0.000000 0.000000 1.000000
0.994921 -0.086173 0.052029 0.022169 0.088597 0.994994 -0.046234 101.305878 -0.047785 0.050609 0.997575 -0.559568 0.000000 0.000000 0.000000 1.000000
0.993120 -0.091092 0.073587 -0.066772 0.093501 0.995168 -0.029976 100.988304 -0.070501 0.036651 0.996838 0.257878 0.000000 0.000000 0.000000 1.000000
0.992036 -0.094712 0.083036 -0.144409 0.096048 0.995301 -0.012237 100.534904 -0.081486 0.020115 0.996471 1.003846 0.000000 0.000000 0.000000 1.000000
0.991694 -0.091920 0.089969 -0.158653 0.092692 0.995685 -0.004430 100.149208 -0.089174 0.012733 0.995935 1.615355 0.000000 0.000000 0.000000 1.000000
0.991368 -0.080477 0.103504 -0.077639 0.082218 0.996534 -0.012657 99.920807 -0.102127 0.021058 0.994548 2.110483 0.000000 0.000000 0.000000 1.000000
0.990288 -0.062093 0.124394 0.090498 0.067012 0.997111 -0.035756 99.838531 -0.121815 0.043745 0.991588 2.469961 0.000000 0.000000 0.000000 1.000000
0.988593 -0.038269 0.145669 0.332619 0.048631 0.996482 -0.068250 99.904861 -0.142545 0.074555 0.986976 2.669868 0.000000 0.000000 0.000000 1.000000
0.987406 -0.008304 0.157987 0.608530 0.025098 0.994197 -0.104604 100.194473 -0.156202 0.107251 0.981885 2.623999 0.000000 0.000000 0.000000 1.000000
0.987826 0.024809 0.153571 0.879591 -0.003004 0.990060 -0.140616 100.835541 -0.155533 0.138442 0.978081 2.221842 0.000000 0.000000 0.000000 1.000000
0.990229 0.054677 0.128285 1.162609 -0.032176 0.984690 -0.171318 101.711563 -0.135688 0.165516 0.976828 1.396163 0.000000 0.000000 0.000000 1.000000
0.994281 0.069935 0.080707 1.471161 -0.053472 0.980206 -0.190621 102.618256 -0.092441 0.185216 0.978340 0.346554 0.000000 0.000000 0.000000 1.000000
0.997259 0.072620 0.014204 1.751781 -0.068464 0.978368 -0.195212 103.265198 -0.028074 0.193705 0.980658 -0.665791 0.000000 0.000000 0.000000 1.000000
0.995593 0.072447 -0.059551 1.875652 -0.082452 0.978747 -0.187766 103.534637 0.044682 0.191849 0.980407 -1.452344 0.000000 0.000000 0.000000 1.000000
0.989484 0.076700 -0.122628 1.790173 -0.097656 0.979671 -0.175238 103.528259 0.106695 0.185370 0.976859 -1.844973 0.000000 0.000000 0.000000 1.000000
0.983287 0.083737 -0.161660 1.606784 -0.110525 0.980156 -0.164556 103.415794 0.144673 0.179673 0.973030 -1.411382 0.000000 0.000000 0.000000 1.000000
0.980992 0.087904 -0.172995 1.473235 -0.116122 0.980195 -0.160419 103.315117 0.155467 0.177459 0.971771 0.488800 0.000000 0.000000 0.000000 1.000000</float_array>
        <technique_common>
          <accessor source="#mixamorig_Hips-Matrix-animation-output-transform-array" count="32" stride="16">
            <param type="float4x4"/>
          </accessor>
        </technique_common>
      </source>
      <source id="mixamorig_Hips-Interpolations">
        <Name_array id="mixamorig_Hips-Interpolations-array" count="32">
 LINEAR LINEAR LINEAR LINEAR LINEAR LINEAR LINEAR LINEAR LINEAR LINEAR LINEAR
LINEAR LINEAR LINEAR LINEAR LINEAR LINEAR LINEAR LINEAR LINEAR LINEAR LINEAR LINEAR
LINEAR LINEAR LINEAR LINEAR LINEAR LINEAR LINEAR LINEAR LINEAR</Name_array>
        <technique_common>
          <accessor source="#mixamorig_Hips-Interpolations-array" count="32">
            <param type="name"/>
          </accessor>
        </technique_common>
      </source>
      <sampler id="mixamorig_Hips-Matrix-animation-transform">
        <input semantic="INPUT" source="#mixamorig_Hips-Matrix-animation-input"/>
        <input semantic="OUTPUT" source="#mixamorig_Hips-Matrix-animation-output-transform"/>
        <input semantic="INTERPOLATION" source="#mixamorig_Hips-Interpolations"/>
      </sampler>
      <channel source="#mixamorig_Hips-Matrix-animation-transform" target="mixamorig_Hips/matrix"/>
    </animation>
    <animation id="mixamorig_Spine-anim" name="mixamorig_Spine">
      <source id="mixamorig_Spine-Matrix-animation-input">
        <float_array id="mixamorig_Spine-Matrix-animation-input-array" count="32">

0.000000 0.033333 0.066667 0.100000 0.133333 0.166667 0.200000 0.233333 0.266667 0.300000 0.333333 0.366667 0.400000 0.433333 0.466667 0.500000
0.533333 0.566667 0.600000 0.633333 0.666667 0.700000 0.733333 0.766667 0.800000 0.833333 0.866667 0.900000 0.933333 0.966667 1.000000 1.033333</float_array>
        <technique_common>
          <accessor source="#mixamorig_Spine-Matrix-animation-input-array" count="32">
            <param name="TIME" type="float"/>
          </accessor>
        </technique_common>
      </source>
      <source id="mixamorig_Spine-Matrix-animation-output-transform">
        <float_array id="mixamorig_Spine-Matrix-animation-output-transform-array" count="512">

0.997326 -0.060380 0.041184 -0.038100 0.059389 0.997925 0.024873 9.490500 -0.042600 -0.022361 0.998842 -1.392100 0.000000 0.000000 0.000000 1.000000
0.996118 -0.058547 0.065739 -0.038100 0.056064 0.997665 0.038998 9.490500 -0.067869 -0.035161 0.997074 -1.392100 0.000000 0.000000 0.000000 1.000000
0.994072 -0.057598 0.092218 -0.038100 0.053310 0.997409 0.048308 9.490500 -0.094761 -0.043106 0.994566 -1.392100 0.000000 0.000000 0.000000 1.000000
0.991643 -0.057150 0.115667 -0.038100 0.051191 0.997236 0.053849 9.490500 -0.118425 -0.047478 0.991827 -1.392100 0.000000 0.000000 0.000000 1.000000
0.989934 -0.057611 0.129276 -0.038100 0.050553 0.997080 0.057231 9.490500 -0.132196 -0.050119 0.989956 -1.392100 0.000000 0.000000 0.000000 1.000000
0.989987 -0.056590 0.129320 -0.038100 0.049512 0.997128 0.057304 9.490500 -0.132191 -0.050327 0.989946 -1.392100 0.000000 0.000000 0.000000 1.000000
0.991512 -0.051163 0.119528 -0.038100 0.045432 0.997706 0.050185 9.490500 -0.121822 -0.044328 0.991562 -1.392100 0.000000 0.000000 0.000000 1.000000
0.993375 -0.036302 0.109029 -0.038100 0.032882 0.998914 0.032999 9.490500 -0.110109 -0.029196 0.993491 -1.392100 0.000000 0.000000 0.000000 1.000000
0.994618 -0.017632 0.102098 -0.038100 0.016833 0.999821 0.008684 9.490500 -0.102233 -0.006919 0.994736 -1.392100 0.000000 0.000000 0.000000 1.000000
0.995347 0.003442 0.096290 -0.038100 -0.001797 0.999851 -0.017163 9.490500 -0.096335 0.016910 0.995205 -1.392100 0.000000 0.000000 0.000000 1.000000
0.995996 0.023080 0.086372 -0.038100 -0.019704 0.999016 -0.039742 9.490500 -0.087204 0.037881 0.995470 -1.392100 0.000000 0.000000 0.000000 1.000000
0.996649 0.041052 0.070753 -0.038100 -0.037014 0.997661 -0.057464 9.490500 -0.072946 0.054652 0.995837 -1.392100 0.000000 0.000000 0.000000 1.000000
0.997090 0.056054 0.051663 -0.038100 -0.052403 0.996205 -0.069497 9.490500 -0.055362 0.066587 0.996244 -1.392100 0.000000 0.000000 0.000000 1.000000
0.997335 0.065688 0.031741 -0.038100 -0.063186 0.995234 -0.074269 9.490500 -0.036468 0.072066 0.996733 -1.392100 0.000000 0.000000 0.000000 1.000000
0.997680 0.067148 0.011174 -0.038100 -0.066177 0.995217 -0.071860 9.490500 -0.015946 0.070954 0.997352 -1.392100 0.000000 0.000000 0.000000 1.000000
0.997715 0.066493 -0.011966 -0.038100 -0.067150 0.995472 -0.067278 9.490500 0.007438 0.067928 0.997662 -1.392100 0.000000 0.000000 0.000000 1.000000
0.996799 0.070032 -0.038555 -0.038100 -0.072552 0.995018 -0.068384 9.490500 0.033573 0.070962 0.996914 -1.392100 0.000000 0.000000 0.000000 1.000000
0.994465 0.080577 -0.067430 -0.038100 -0.085839 0.993160 -0.079156 9.490500 0.060591 0.084506 0.994579 -1.392100 0.000000 0.000000 0.000000 1.000000
0.991131 0.091484 -0.096383 -0.038100 -0.100631 0.990402 -0.094747 9.490500 0.086790 0.103606 0.990825 -1.392100 0.000000 0.000000 0.000000 1.000000
0.987871 0.094332 -0.123342 -0.038100 -0.107355 0.988810 -0.103587 9.490500 0.112190 0.115572 0.986943 -1.392100 0.000000 0.000000 0.000000 1.000000
0.985679 0.082917 -0.146841 -0.038100 -0.097585 0.990619 -0.095666 9.490500 0.137531 0.108626 0.984523 -1.392100 0.000000 0.000000 0.000000 1.000000
0.984531 0.056939 -0.165702 -0.038100 -0.069271 0.995166 -0.069621 9.490500 0.160937 0.080022 0.983715 -1.392100 0.000000 0.000000 0.000000 1.000000
0.983636 0.020879 -0.178952 -0.038100 -0.027248 0.999077 -0.033204 9.490500 0.178094 0.037537 0.983297 -1.392100 0.000000 0.000000 0.000000 1.000000
0.982429 -0.019180 -0.185648 -0.038100 0.019903 0.999800 0.002027 9.490500 0.185572 -0.005687 0.982614 -1.392100 0.000000 0.000000 0.000000 1.000000
0.981512 -0.054936 -0.183348 -0.038100 0.060960 0.997765 0.027377 9.490500 0.181434 -0.038047 0.982667 -1.392100 0.000000 0.000000 0.000000 1.000000
0.982537 -0.079856 -0.168059 -0.038100 0.087614 0.995381 0.039254 9.490500 0.164148 -0.053292 0.984995 -1.392100 0.000000 0.000000 0.000000 1.000000
0.987027 -0.085578 -0.135848 -0.038100 0.091693 0.995007 0.039403 9.490500 0.131798 -0.051348 0.989946 -1.392100 0.000000 0.000000 0.000000 1.000000
0.993109 -0.076284 -0.088972 -0.038100 0.079344 0.996353 0.031374 9.490500 0.086254 -0.038217 0.995540 -1.392100 0.000000 0.000000 0.000000 1.000000
0.997304 -0.062899 -0.037793 -0.038100 0.063723 0.997747 0.020998 9.490500 0.036387 -0.023350 0.999065 -1.392100 0.000000 0.000000 0.000000 1.000000
0.998450 -0.055450 0.004847 -0.038100 0.055374 0.998358 0.014661 9.490500 -0.005652 -0.014370 0.999881 -1.392100 0.000000 0.000000 0.000000 1.000000
0.997915 -0.055713 0.032592 -0.038100 0.055235 0.998355 0.015386 9.490500 -0.033396 -0.013554 0.999350 -1.392100 0.000000 0.000000 0.000000 1.000000
0.997470 -0.058379 0.040554 -0.038100 0.057668 0.998165 0.018474 9.490500 -0.041559 -0.016089 0.999007 -1.392100 0.000000 0.000000 0.000000 1.000000</float_array>
        <technique_common>
          <accessor source="#mixamorig_Spine-Matrix-animation-output-transform-array" count="32" stride="16">
            <param type="float4x4"/>
          </accessor>
        </technique_common>
      </source>
      <source id="mixamorig_Spine-Interpolations">
        <Name_array id="mixamorig_Spine-Interpolations-array" count="32">
 LINEAR LINEAR LINEAR LINEAR LINEAR LINEAR LINEAR LINEAR LINEAR LINEAR LINEAR
LINEAR LINEAR LINEAR LINEAR LINEAR LINEAR LINEAR LINEAR LINEAR LINEAR LINEAR LINEAR
LINEAR LINEAR LINEAR LINEAR LINEAR LINEAR LINEAR LINEAR LINEAR</Name_array>
        <technique_common>
          <accessor source="#mixamorig_Spine-Interpolations-array" count="32">
            <param type="name"/>
          </accessor>
        </technique_common>
      </source>
      <sampler id="mixamorig_Spine-Matrix-animation-transform">
        <input semantic="INPUT" source="#mixamorig_Spine-Matrix-animation-input"/>
        <input semantic="OUTPUT" source="#mixamorig_Spine-Matrix-animation-output-transform"/>
        <input semantic="INTERPOLATION" source="#mixamorig_Spine-Interpolations"/>
      </sampler>
      <channel source="#mixamorig_Spine-Matrix-animation-transform" target="mixamorig_Spine/matrix"/>
    </animation>
    <animation id="mixamorig_Spine1-anim" name="mixamorig_Spine1">
      <source id="mixamorig_Spine1-Matrix-animation-input">
        <float_array id="mixamorig_Spine1-Matrix-animation-input-array" count="32">

0.000000 0.033333 0.066667 0.100000 0.133333 0.166667 0.200000 0.233333 0.266667 0.300000 0.333333 0.366667 0.400000 0.433333 0.466667 0.500000
0.533333 0.566667 0.600000 0.633333 0.666667 0.700000 0.733333 0.766667 0.800000 0.833333 0.866667 0.900000 0.933333 0.966667 1.000000 1.033333</float_array>
        <technique_common>
          <accessor source="#mixamorig_Spine1-Matrix-animation-input-array" count="32">
            <param name="TIME" type="float"/>
          </accessor>
        </technique_common>
      </source>
      <source id="mixamorig_Spine1-Matrix-animation-output-transform">
        <float_array id="mixamorig_Spine1-Matrix-animation-output-transform-array" count="512">

0.999804 0.017394 0.009483 0.000000 -0.017372 0.999846 -0.002388 11.190800 -0.009523 0.002223 0.999952 -0.000000 0.000000 0.000000 0.000000 1.000000
0.999806 0.014868 0.012898 -0.000000 -0.014869 0.999889 0.000010 11.190800 -0.012896 -0.000202 0.999917 0.000000 0.000000 0.000000 0.000000 1.000000
0.999774 0.013035 0.016818 0.000000 -0.013074 0.999912 0.002192 11.190800 -0.016788 -0.002412 0.999856 0.000000 0.000000 0.000000 0.000000 1.000000
0.999729 0.011322 0.020359 0.000000 -0.011395 0.999929 0.003463 11.190800 -0.020318 -0.003694 0.999787 0.000000 0.000000 0.000000 0.000000 1.000000
0.999703 0.009727 0.022344 0.000000 -0.009806 0.999946 0.003448 11.190800 -0.022309 -0.003666 0.999744 0.000000 0.000000 0.000000 0.000000 1.000000
0.999705 0.009511 0.022331 0.000000 -0.009574 0.999950 0.002731 11.190800 -0.022303 -0.002944 0.999747 0.000000 0.000000 0.000000 0.000000 1.000000
0.999704 0.012069 0.021129 0.000000 -0.012126 0.999923 0.002613 11.190800 -0.021096 -0.002868 0.999773 0.000000 0.000000 0.000000 0.000000 1.000000
0.999656 0.016923 0.020031 0.000000 -0.017007 0.999847 0.004014 11.190800 -0.019960 -0.004353 0.999791 -0.000000 0.000000 0.000000 0.000000 1.000000
0.999579 0.021467 0.019542 0.000000 -0.021600 0.999745 0.006601 11.190800 -0.019395 -0.007021 0.999787 -0.000000 0.000000 0.000000 0.000000 1.000000
0.999550 0.023197 0.019035 0.000000 -0.023372 0.999686 0.009001 11.190800 -0.018820 -0.009441 0.999778 0.000000 0.000000 0.000000 0.000000 1.000000
0.999600 0.022093 0.017649 -0.000000 -0.022270 0.999703 0.009864 11.190800 -0.017426 -0.010253 0.999796 0.000000 0.000000 0.000000 0.000000 1.000000
0.999673 0.020469 0.015308 -0.000000 -0.020606 0.999748 0.008854 11.190800 -0.015123 -0.009167 0.999844 0.000000 0.000000 0.000000 0.000000 1.000000
0.999707 0.020643 0.012673 0.000000 -0.020731 0.999762 0.006830 11.190800 -0.012529 -0.007091 0.999896 0.000000 0.000000 0.000000 0.000000 1.000000
0.999679 0.023160 0.010271 -0.000000 -0.023214 0.999717 0.005214 11.190800 -0.010148 -0.005450 0.999934 -0.000000 0.000000 0.000000 0.000000 1.000000
0.999602 0.027079 0.007952 0.000000 -0.027120 0.999619 0.005089 11.190800 -0.007811 -0.005303 0.999955 0.000000 0.000000 0.000000 0.000000 1.000000
0.999501 0.031165 0.005202 0.000000 -0.031199 0.999491 0.006605 11.190800 -0.004994 -0.006765 0.999965 -0.000000 0.000000 0.000000 0.000000 1.000000
0.999408 0.034349 0.001723 0.000000 -0.034363 0.999370 0.008914 11.190800 -0.001415 -0.008968 0.999959 -0.000000 0.000000 0.000000 0.000000 1.000000
0.999361 0.035673 -0.002440 -0.000000 -0.035645 0.999308 0.010610 11.190800 0.002817 -0.010516 0.999941 0.000000 0.000000 0.000000 0.000000 1.000000
0.999372 0.034723 -0.007080 0.000000 -0.034647 0.999345 0.010478 11.190800 0.007439 -0.010226 0.999920 0.000000 0.000000 0.000000 0.000000 1.000000
0.999407 0.032305 -0.011886 0.000000 -0.032210 0.999448 0.008153 11.190800 0.012142 -0.007765 0.999896 -0.000000 0.000000 0.000000 0.000000 1.000000
0.999411 0.030180 -0.016343 0.000000 -0.030115 0.999538 0.004177 11.190800 0.016462 -0.003682 0.999858 -0.000000 0.000000 0.000000 0.000000 1.000000
0.999361 0.029748 -0.019825 -0.000000 -0.029766 0.999557 -0.000593 11.190800 0.019799 0.001183 0.999803 0.000000 0.000000 0.000000 0.000000 1.000000
0.999277 0.031070 -0.021895 -0.000000 -0.031199 0.999498 -0.005563 11.190800 0.021711 0.006242 0.999745 0.000000 0.000000 0.000000 0.000000 1.000000
0.999198 0.033173 -0.022440 0.000000 -0.033410 0.999389 -0.010287 11.190800 0.022085 0.011028 0.999695 0.000000 0.000000 0.000000 0.000000 1.000000
0.999158 0.034993 -0.021428 0.000000 -0.035297 0.999279 -0.013950 11.190800 0.020924 0.014695 0.999673 0.000000 0.000000 0.000000 0.000000 1.000000
0.999185 0.035792 -0.018642 -0.000000 -0.036081 0.999230 -0.015403 11.190800 0.018076 0.016063 0.999708 0.000000 0.000000 0.000000 0.000000 1.000000
0.999291 0.034992 -0.013861 0.000000 -0.035186 0.999282 -0.014046 11.190800 0.013360 0.014524 0.999805 0.000000 0.000000 0.000000 0.000000 1.000000
0.999452 0.032263 -0.007456 0.000000 -0.032341 0.999420 -0.010631 11.190800 0.007109 0.010866 0.999916 -0.000000 0.000000 0.000000 0.000000 1.000000
0.999607 0.028010 -0.000693 0.000000 -0.028014 0.999584 -0.006899 11.190800 0.000499 0.006916 0.999976 -0.000000 0.000000 0.000000 0.000000 1.000000
0.999715 0.023395 0.004852 -0.000000 -0.023374 0.999718 -0.004275 11.190800 -0.004951 0.004161 0.999979 0.000000 0.000000 0.000000 0.000000 1.000000
0.999775 0.019475 0.008436 0.000000 -0.019450 0.999806 -0.002980 11.190800 -0.008492 0.002815 0.999960 0.000000 0.000000 0.000000 0.000000 1.000000
0.999794 0.017989 0.009449 0.000000 -0.017964 0.999835 -0.002727 11.190800 -0.009497 0.002557 0.999952 0.000000 0.000000 0.000000 0.000000 1.000000</float_array>
        <technique_common>
          <accessor source="#mixamorig_Spine1-Matrix-animation-output-transform-array" count="32" stride="16">
            <param type="float4x4"/>
          </accessor>
        </technique_common>
      </source>
      <source id="mixamorig_Spine1-Interpolations">
        <Name_array id="mixamorig_Spine1-Interpolations-array" count="32">
 LINEAR LINEAR LINEAR LINEAR LINEAR LINEAR LINEAR LINEAR LINEAR LINEAR LINEAR
LINEAR LINEAR LINEAR LINEAR LINEAR LINEAR LINEAR LINEAR LINEAR LINEAR LINEAR LINEAR
LINEAR LINEAR LINEAR LINEAR LINEAR LINEAR LINEAR LINEAR LINEAR</Name_array>
        <technique_common>
          <accessor source="#mixamorig_Spine1-Interpolations-array" count="32">
            <param type="name"/>
          </accessor>
        </technique_common>
      </source>
      <sampler id="mixamorig_Spine1-Matrix-animation-transform">
        <input semantic="INPUT" source="#mixamorig_Spine1-Matrix-animation-input"/>
        <input semantic="OUTPUT" source="#mixamorig_Spine1-Matrix-animation-output-transform"/>
        <input semantic="INTERPOLATION" source="#mixamorig_Spine1-Interpolations"/>
      </sampler>
      <channel source="#mixamorig_Spine1-Matrix-animation-transform" target="mixamorig_Spine1/matrix"/>
    </animation>
    <animation id="mixamorig_Spine2-anim" name="mixamorig_Spine2">
      <source id="mixamorig_Spine2-Matrix-animation-input">
        <float_array id="mixamorig_Spine2-Matrix-animation-input-array" count="32">

0.000000 0.033333 0.066667 0.100000 0.133333 0.166667 0.200000 0.233333 0.266667 0.300000 0.333333 0.366667 0.400000 0.433333 0.466667 0.500000
0.533333 0.566667 0.600000 0.633333 0.666667 0.700000 0.733333 0.766667 0.800000 0.833333 0.866667 0.900000 0.933333 0.966667 1.000000 1.033333</float_array>
        <technique_common>
          <accessor source="#mixamorig_Spine2-Matrix-animation-input-array" count="32">
            <param name="TIME" type="float"/>
          </accessor>
        </technique_common>
      </source>
      <source id="mixamorig_Spine2-Matrix-animation-output-transform">
        <float_array id="mixamorig_Spine2-Matrix-animation-output-transform-array" count="512">

0.999726 0.022588 0.006110 -0.000000 -0.021440 0.988821 -0.147557 12.789500 -0.009375 0.147385 0.989035 -0.000000 0.000000 0.000000 0.000000 1.000000
0.999737 0.020668 0.009940 0.000000 -0.019006 0.989211 -0.145256 12.789500 -0.012835 0.145029 0.989344 -0.000000 0.000000 0.000000 0.000000 1.000000
0.999710 0.019511 0.014134 -0.000000 -0.017289 0.989548 -0.143166 12.789500 -0.016779 0.142880 0.989598 -0.000000 0.000000 0.000000 0.000000 1.000000
0.999670 0.018393 0.017910 -0.000000 -0.015667 0.989749 -0.141958 12.789500 -0.020338 0.141630 0.989711 -0.000000 0.000000 0.000000 0.000000 1.000000
0.999651 0.017113 0.020118 -0.000000 -0.014086 0.989768 -0.141991 12.789500 -0.022342 0.141658 0.989663 -0.000000 0.000000 0.000000 0.000000 1.000000
0.999655 0.016863 0.020126 0.000000 -0.013822 0.989670 -0.142694 12.789500 -0.022324 0.142367 0.989562 -0.000000 0.000000 0.000000 0.000000 1.000000
0.999645 0.019184 0.018512 -0.000000 -0.016347 0.989616 -0.142802 12.789500 -0.021059 0.142448 0.989578 0.000000 0.000000 0.000000 0.000000 1.000000
0.999578 0.023835 0.016623 0.000000 -0.021248 0.989722 -0.141418 12.789500 -0.019822 0.141005 0.989810 0.000000 0.000000 0.000000 0.000000 1.000000
0.999481 0.028312 0.015377 0.000000 -0.025907 0.989973 -0.138861 12.789500 -0.019154 0.138391 0.990192 -0.000000 0.000000 0.000000 0.000000 1.000000
0.999444 0.030005 0.014556 0.000000 -0.027742 0.990255 -0.136472 12.789500 -0.018509 0.135992 0.990537 0.000000 0.000000 0.000000 0.000000 1.000000
0.999499 0.028722 0.013316 0.000000 -0.026655 0.990409 -0.135574 12.789500 -0.017082 0.135151 0.990678 0.000000 0.000000 0.000000 0.000000 1.000000
0.999580 0.026730 0.011212 0.000000 -0.024951 0.990324 -0.136512 12.789500 -0.014752 0.136175 0.990575 0.000000 0.000000 0.000000 0.000000 1.000000
0.999614 0.026446 0.008535 -0.000000 -0.025011 0.990052 -0.138459 12.789500 -0.012112 0.138192 0.990331 0.000000 0.000000 0.000000 0.000000 1.000000
0.999577 0.028510 0.005731 -0.000000 -0.027428 0.989770 -0.140011 12.789500 -0.009664 0.139794 0.990133 0.000000 0.000000 0.000000 0.000000 1.000000
0.999485 0.031975 0.002799 0.000000 -0.031268 0.989647 -0.140072 12.789500 -0.007249 0.139912 0.990137 0.000000 0.000000 0.000000 0.000000 1.000000
0.999369 0.035523 -0.000589 0.000000 -0.035262 0.989737 -0.138479 12.789500 -0.004336 0.138412 0.990365 0.000000 0.000000 0.000000 0.000000 1.000000
0.999266 0.038038 -0.004582 0.000000 -0.038308 0.989956 -0.136083 12.789500 -0.000640 0.136159 0.990687 -0.000000 0.000000 0.000000 0.000000 1.000000
0.999215 0.038580 -0.008975 -0.000000 -0.039437 0.990153 -0.134318 12.789500 0.003705 0.134567 0.990898 -0.000000 0.000000 0.000000 0.000000 1.000000
0.999232 0.036796 -0.013458 0.000000 -0.038274 0.990186 -0.134412 12.789500 0.008380 0.134824 0.990834 -0.000000 0.000000 0.000000 0.000000 1.000000
0.999278 0.033571 -0.017810 0.000000 -0.035695 0.989968 -0.136707 12.789500 0.013042 0.137244 0.990451 0.000000 0.000000 0.000000 0.000000 1.000000
0.999289 0.030765 -0.021798 0.000000 -0.033531 0.989496 -0.140615 12.789500 0.017243 0.141246 0.989824 0.000000 0.000000 0.000000 0.000000 1.000000
0.999239 0.029885 -0.025055 0.000000 -0.033215 0.988838 -0.145243 12.789500 0.020435 0.145965 0.989079 0.000000 0.000000 0.000000 0.000000 1.000000
0.999148 0.031037 -0.027210 -0.000000 -0.034778 0.988073 -0.150008 12.789500 0.022229 0.150827 0.988310 0.000000 0.000000 0.000000 0.000000 1.000000
0.999055 0.033220 -0.028021 0.000000 -0.037162 0.987291 -0.154517 12.789500 0.022532 0.155412 0.987593 0.000000 0.000000 0.000000 0.000000 1.000000
0.999004 0.035316 -0.027282 -0.000000 -0.039195 0.986655 -0.158036 12.789500 0.021337 0.158948 0.987056 0.000000 0.000000 0.000000 0.000000 1.000000
0.999027 0.036587 -0.024641 0.000000 -0.040058 0.986387 -0.159488 12.789500 0.018470 0.160320 0.986892 0.000000 0.000000 0.000000 0.000000 1.000000
0.999138 0.036503 -0.019774 0.000000 -0.039179 0.986614 -0.158297 12.789500 0.013731 0.158935 0.987194 0.000000 0.000000 0.000000 0.000000 1.000000
0.999312 0.034728 -0.012998 -0.000000 -0.036326 0.987220 -0.155165 12.789500 0.007444 0.155531 0.987803 0.000000 0.000000 0.000000 0.000000 1.000000
0.999487 0.031512 -0.005638 -0.000000 -0.032002 0.987904 -0.151730 12.789500 0.000789 0.151833 0.988406 -0.000000 0.000000 0.000000 0.000000 1.000000
0.999614 0.027782 0.000568 0.000000 -0.027386 0.988409 -0.149323 12.789500 -0.004710 0.149250 0.988788 0.000000 0.000000 0.000000 0.000000 1.000000
0.999690 0.024465 0.004728 -0.000000 -0.023495 0.988687 -0.148139 12.789500 -0.008299 0.147982 0.988955 -0.000000 0.000000 0.000000 0.000000 1.000000
0.999714 0.023162 0.005968 0.000000 -0.022025 0.988756 -0.147906 12.789500 -0.009327 0.147733 0.988983 0.000000 0.000000 0.000000 0.000000 1.000000</float_array>
        <technique_common>
          <accessor source="#mixamorig_Spine2-Matrix-animation-output-transform-array" count="32" stride="16">
            <param type="float4x4"/>
          </accessor>
        </technique_common>
      </source>
      <source id="mixamorig_Spine2-Interpolations">
        <Name_array id="mixamorig_Spine2-Interpolations-array" count="32">
 LINEAR LINEAR LINEAR LINEAR LINEAR LINEAR LINEAR LINEAR LINEAR LINEAR LINEAR
LINEAR LINEAR LINEAR LINEAR LINEAR LINEAR LINEAR LINEAR LINEAR LINEAR LINEAR LINEAR
LINEAR LINEAR LINEAR LINEAR LINEAR LINEAR LINEAR LINEAR LINEAR</Name_array>
        <technique_common>
          <accessor source="#mixamorig_Spine2-Interpolations-array" count="32">
            <param type="name"/>
          </accessor>
        </technique_common>
      </source>
      <sampler id="mixamorig_Spine2-Matrix-animation-transform">
        <input semantic="INPUT" source="#mixamorig_Spine2-Matrix-animation-input"/>
        <input semantic="OUTPUT" source="#mixamorig_Spine2-Matrix-animation-output-transform"/>
        <input semantic="INTERPOLATION" source="#mixamorig_Spine2-Interpolations"/>
      </sampler>
      <channel source="#mixamorig_Spine2-Matrix-animation-transform" target="mixamorig_Spine2/matrix"/>
    </animation>
    <animation id="mixamorig_Neck-anim" name="mixamorig_Neck">
      <source id="mixamorig_Neck-Matrix-animation-input">
        <float_array id="mixamorig_Neck-Matrix-animation-input-array" count="32">

0.000000 0.033333 0.066667 0.100000 0.133333 0.166667 0.200000 0.233333 0.266667 0.300000 0.333333 0.366667 0.400000 0.433333 0.466667 0.500000
0.533333 0.566667 0.600000 0.633333 0.666667 0.700000 0.733333 0.766667 0.800000 0.833333 0.866667 0.900000 0.933333 0.966667 1.000000 1.033333</float_array>
        <technique_common>
          <accessor source="#mixamorig_Neck-Matrix-animation-input-array" count="32">
            <param name="TIME" type="float"/>
          </accessor>
        </technique_common>
      </source>
      <source id="mixamorig_Neck-Matrix-animation-output-transform">
        <float_array id="mixamorig_Neck-Matrix-animation-output-transform-array" count="512">

0.998365 -0.057151 -0.001025 -0.056900 0.057100 0.997979 -0.027889 14.235800 0.002616 0.027785 0.999611 -2.088100 0.000000 0.000000 0.000000 1.000000
0.998369 -0.057026 -0.002731 -0.056900 0.056928 0.997990 -0.027852 14.235800 0.004314 0.027651 0.999608 -2.088100 0.000000 0.000000 0.000000 1.000000
0.998361 -0.057103 -0.003891 -0.056900 0.056931 0.997755 -0.035254 14.235800 0.005895 0.034975 0.999371 -2.088100 0.000000 0.000000 0.000000 1.000000
0.998475 -0.055026 -0.004464 -0.056900 0.054740 0.997287 -0.049222 14.235800 0.007160 0.048903 0.998778 -2.088100 0.000000 0.000000 0.000000 1.000000
0.998774 -0.049290 -0.004679 -0.056900 0.048891 0.996756 -0.063925 14.235800 0.007815 0.063618 0.997944 -2.088100 0.000000 0.000000 0.000000 1.000000
0.999126 -0.041513 -0.004985 -0.056900 0.041048 0.996570 -0.071857 14.235800 0.007951 0.071590 0.997402 -2.088100 0.000000 0.000000 0.000000 1.000000
0.999352 -0.035531 -0.005837 -0.056900 0.035035 0.996923 -0.070128 14.235800 0.008310 0.069878 0.997521 -2.088100 0.000000 0.000000 0.000000 1.000000
0.999400 -0.033830 -0.007395 -0.056900 0.033298 0.997454 -0.063057 14.235800 0.009509 0.062773 0.997983 -2.088100 0.000000 0.000000 0.000000 1.000000
0.999332 -0.035361 -0.009252 -0.056900 0.034767 0.997713 -0.057966 14.235800 0.011281 0.057605 0.998276 -2.088100 0.000000 0.000000 0.000000 1.000000
0.999256 -0.037095 -0.010527 -0.056900 0.036427 0.997664 -0.057790 14.235800 0.012646 0.057364 0.998273 -2.088100 0.000000 0.000000 0.000000 1.000000
0.999255 -0.037146 -0.010484 -0.056900 0.036475 0.997640 -0.058178 14.235800 0.012620 0.057752 0.998251 -2.088100 0.000000 0.000000 0.000000 1.000000
0.999313 -0.035884 -0.009265 -0.056900 0.035349 0.997992 -0.052558 14.235800 0.011133 0.052195 0.998575 -2.088100 0.000000 0.000000 0.000000 1.000000
0.999368 -0.034615 -0.008027 -0.056900 0.034268 0.998614 -0.039957 14.235800 0.009399 0.039657 0.999169 -2.088100 0.000000 0.000000 0.000000 1.000000
0.999377 -0.034312 -0.008208 -0.056900 0.034078 0.999053 -0.027061 14.235800 0.009128 0.026764 0.999600 -2.088100 0.000000 0.000000 0.000000 1.000000
0.999308 -0.035689 -0.010448 -0.056900 0.035450 0.999124 -0.022243 14.235800 0.011233 0.021857 0.999698 -2.088100 0.000000 0.000000 0.000000 1.000000
0.999128 -0.039332 -0.014016 -0.056900 0.038931 0.998856 -0.027762 14.235800 0.015092 0.027193 0.999516 -2.088100 0.000000 0.000000 0.000000 1.000000
0.998850 -0.044763 -0.017168 -0.056900 0.044089 0.998312 -0.037809 14.235800 0.018831 0.037009 0.999138 -2.088100 0.000000 0.000000 0.000000 1.000000
0.998597 -0.049732 -0.018166 -0.056900 0.048898 0.997846 -0.043740 14.235800 0.020302 0.042791 0.998878 -2.088100 0.000000 0.000000 0.000000 1.000000
0.998547 -0.051362 -0.016275 -0.056900 0.050655 0.997865 -0.041222 14.235800 0.018357 0.040338 0.999017 -2.088100 0.000000 0.000000 0.000000 1.000000
0.998751 -0.048464 -0.012146 -0.056900 0.048041 0.998300 -0.033008 14.235800 0.013725 0.032384 0.999381 -2.088100 0.000000 0.000000 0.000000 1.000000
0.999065 -0.042601 -0.007412 -0.056900 0.042399 0.998776 -0.025478 14.235800 0.008489 0.025140 0.999648 -2.088100 0.000000 0.000000 0.000000 1.000000
0.999310 -0.036960 -0.003748 -0.056900 0.036866 0.999066 -0.022536 14.235800 0.004577 0.022382 0.999739 -2.088100 0.000000 0.000000 0.000000 1.000000
0.999403 -0.034482 -0.002014 -0.056900 0.034427 0.999150 -0.022661 14.235800 0.002794 0.022578 0.999741 -2.088100 0.000000 0.000000 0.000000 1.000000
0.999317 -0.036888 -0.002084 -0.056900 0.036834 0.999087 -0.021641 14.235800 0.002880 0.021549 0.999764 -2.088100 0.000000 0.000000 0.000000 1.000000
0.999006 -0.044458 -0.003290 -0.056900 0.044394 0.998859 -0.017629 14.235800 0.004070 0.017466 0.999839 -2.088100 0.000000 0.000000 0.000000 1.000000
0.998442 -0.055590 -0.004919 -0.056900 0.055523 0.998375 -0.012861 14.235800 0.005626 0.012568 0.999905 -2.088100 0.000000 0.000000 0.000000 1.000000
0.997761 -0.066578 -0.006321 -0.056900 0.066509 0.997730 -0.010555 14.235800 0.007009 0.010111 0.999924 -2.088100 0.000000 0.000000 0.000000 1.000000
0.997304 -0.073062 -0.006871 -0.056900 0.072981 0.997269 -0.011353 14.235800 0.007682 0.010821 0.999912 -2.088100 0.000000 0.000000 0.000000 1.000000
0.997321 -0.072887 -0.006197 -0.056900 0.072797 0.997254 -0.013637 14.235800 0.007174 0.013150 0.999888 -2.088100 0.000000 0.000000 0.000000 1.000000
0.997700 -0.067632 -0.004497 -0.056900 0.067550 0.997581 -0.016398 14.235800 0.005595 0.016057 0.999855 -2.088100 0.000000 0.000000 0.000000 1.000000
0.998147 -0.060803 -0.002399 -0.056900 0.060742 0.997950 -0.020166 14.235800 0.003620 0.019983 0.999794 -2.088100 0.000000 0.000000 0.000000 1.000000
0.998329 -0.057775 -0.001398 -0.056900 0.057728 0.998075 -0.022653 14.235800 0.002704 0.022535 0.999742 -2.088100 0.000000 0.000000 0.000000 1.000000</float_array>
        <technique_common>
          <accessor source="#mixamorig_Neck-Matrix-animation-output-transform-array" count="32" stride="16">
            <param type="float4x4"/>
          </accessor>
        </technique_common>
      </source>
      <source id="mixamorig_Neck-Interpolations">
        <Name_array id="mixamorig_Neck-Interpolations-array" count="32">
 LINEAR LINEAR LINEAR LINEAR LINEAR LINEAR LINEAR LINEAR LINEAR LINEAR LINEAR
LINEAR LINEAR LINEAR LINEAR LINEAR LINEAR LINEAR LINEAR LINEAR LINEAR LINEAR LINEAR
LINEAR LINEAR LINEAR LINEAR LINEAR LINEAR LINEAR LINEAR LINEAR</Name_array>
        <technique_common>
          <accessor source="#mixamorig_Neck-Interpolations-array" count="32">
            <param type="name"/>
          </accessor>
        </technique_common>
      </source>
      <sampler id="mixamorig_Neck-Matrix-animation-transform">
        <input semantic="INPUT" source="#mixamorig_Neck-Matrix-animation-input"/>
        <input semantic="OUTPUT" source="#mixamorig_Neck-Matrix-animation-output-transform"/>
        <input semantic="INTERPOLATION" source="#mixamorig_Neck-Interpolations"/>
      </sampler>
      <channel source="#mixamorig_Neck-Matrix-animation-transform" target="mixamorig_Neck/matrix"/>
    </animation>
    <animation id="mixamorig_Head-anim" name="mixamorig_Head">
      <source id="mixamorig_Head-Matrix-animation-input">
        <float_array id="mixamorig_Head-Matrix-animation-input-array" count="32">

0.000000 0.033333 0.066667 0.100000 0.133333 0.166667 0.200000 0.233333 0.266667 0.300000 0.333333 0.366667 0.400000 0.433333 0.466667 0.500000
0.533333 0.566667 0.600000 0.633333 0.666667 0.700000 0.733333 0.766667 0.800000 0.833333 0.866667 0.900000 0.933333 0.966667 1.000000 1.033333</float_array>
        <technique_common>
          <accessor source="#mixamorig_Head-Matrix-animation-input-array" count="32">
            <param name="TIME" type="float"/>
          </accessor>
        </technique_common>
      </source>
      <source id="mixamorig_Head-Matrix-animation-output-transform">
        <float_array id="mixamorig_Head-Matrix-animation-output-transform-array" count="512">

0.997165 0.020471 0.072406 0.000000 -0.021254 0.999724 0.010055 3.280200 -0.072180 -0.011566 0.997325 0.313300 0.000000 0.000000 0.000000 1.000000
0.997952 0.014952 0.062194 -0.000000 -0.015352 0.999864 0.005967 3.280200 -0.062096 -0.006909 0.998046 0.313300 0.000000 0.000000 0.000000 1.000000
0.998381 0.011424 0.055713 0.000000 -0.011042 0.999913 -0.007154 3.280200 -0.055790 0.006527 0.998421 0.313300 0.000000 0.000000 0.000000 1.000000
0.998645 0.012255 0.050568 0.000000 -0.010777 0.999509 -0.029415 3.280200 -0.050904 0.028830 0.998287 0.313300 0.000000 0.000000 0.000000 1.000000
0.998875 0.018323 0.043738 0.000000 -0.015858 0.998301 -0.056060 3.280200 -0.044691 0.055303 0.997469 0.313300 0.000000 0.000000 0.000000 1.000000
0.999045 0.026938 0.034409 0.000000 -0.024128 0.996532 -0.079637 3.280200 -0.036435 0.078731 0.996230 0.313300 0.000000 0.000000 0.000000 1.000000
0.999175 0.032713 0.024053 -0.000000 -0.030306 0.995072 -0.094412 3.280200 -0.027023 0.093605 0.995243 0.313300 0.000000 0.000000 0.000000 1.000000
0.999399 0.031635 0.014147 0.000000 -0.030087 0.994656 -0.098760 3.280200 -0.017195 0.098275 0.995011 0.313300 0.000000 0.000000 0.000000 1.000000
0.999680 0.024707 0.005361 -0.000000 -0.024090 0.995226 -0.094579 3.280200 -0.007672 0.094419 0.995503 0.313300 0.000000 0.000000 0.000000 1.000000
0.999855 0.017001 -0.000857 -0.000000 -0.017013 0.996214 -0.085257 3.280200 -0.000596 0.085260 0.996359 0.313300 0.000000 0.000000 0.000000 1.000000
0.999917 0.012701 -0.001956 0.000000 -0.012811 0.997187 -0.073854 3.280200 0.001012 0.073872 0.997267 0.313300 0.000000 0.000000 0.000000 1.000000
0.999931 0.011504 0.002362 0.000000 -0.011334 0.997984 -0.062450 3.280200 -0.003076 0.062419 0.998045 0.313300 0.000000 0.000000 0.000000 1.000000
0.999923 0.010033 0.007329 0.000000 -0.009632 0.998555 -0.052870 3.280200 -0.007849 0.052795 0.998575 0.313300 0.000000 0.000000 0.000000 1.000000
0.999965 0.005791 0.005964 0.000000 -0.005500 0.998848 -0.047661 3.280200 -0.006233 0.047627 0.998846 0.313300 0.000000 0.000000 0.000000 1.000000
0.999989 -0.000943 -0.004486 0.000000 0.000721 0.998779 -0.049394 3.280200 0.004527 0.049390 0.998769 0.313300 0.000000 0.000000 0.000000 1.000000
0.999779 -0.008237 -0.019337 0.000000 0.007106 0.998298 -0.057881 3.280200 0.019781 0.057731 0.998136 0.313300 0.000000 0.000000 0.000000 1.000000
0.999456 -0.014169 -0.029785 0.000000 0.012104 0.997585 -0.068387 3.280200 0.030683 0.067989 0.997214 0.313300 0.000000 0.000000 0.000000 1.000000
0.999426 -0.017116 -0.029248 0.000000 0.014903 0.997127 -0.074262 3.280200 0.030435 0.073784 0.996810 0.313300 0.000000 0.000000 0.000000 1.000000
0.999731 -0.015577 -0.017161 0.000000 0.014293 0.997260 -0.072588 3.280200 0.018244 0.072323 0.997214 0.313300 0.000000 0.000000 0.000000 1.000000
0.999959 -0.008950 0.001646 0.000000 0.009040 0.997728 -0.066755 3.280200 -0.001045 0.066767 0.997768 0.313300 0.000000 0.000000 0.000000 1.000000
0.999793 0.001369 0.020281 0.000000 -0.000098 0.998044 -0.062513 3.280200 -0.020327 0.062498 0.997838 0.313300 0.000000 0.000000 0.000000 1.000000
0.999364 0.012057 0.033548 0.000000 -0.009968 0.998042 -0.061744 3.280200 -0.034227 0.061370 0.997528 0.313300 0.000000 0.000000 0.000000 1.000000
0.998997 0.019376 0.040368 0.000000 -0.016893 0.997997 -0.060969 3.280200 -0.041469 0.060226 0.997323 0.313300 0.000000 0.000000 0.000000 1.000000
0.998829 0.021069 0.043551 0.000000 -0.018634 0.998280 -0.055584 3.280200 -0.044647 0.054708 0.997504 0.313300 0.000000 0.000000 0.000000 1.000000
0.998741 0.017529 0.047005 -0.000000 -0.015437 0.998890 -0.044500 3.280200 -0.047733 0.043719 0.997903 0.313300 0.000000 0.000000 0.000000 1.000000
