<?xml version="1.0" encoding="utf-8"?>
<COLLADA xmlns="http://www.collada.org/2005/11/COLLADASchema" version="1.4.1">
  <asset>
    <contributor>
      <author>Mixamo</author>
      <authoring_tool>COLLADA Mixamo exporter</authoring_tool>
      <comments/>
    </contributor>
    <created>2024-12-15T19:30:46Z</created>
    <modified>2024-12-15T19:30:46Z</modified>
    <revision/>
    <title/>
    <unit meter="0.010000"/>
    <up_axis>Y_UP</up_axis>
  </asset>
  <library_animations>
    <animation id="mixamorig_Hips-anim" name="mixamorig_Hips">
      <source id="mixamorig_Hips-Matrix-animation-input">
        <float_array id="mixamorig_Hips-Matrix-animation-input-array" count="318">

0.000000 0.033333 0.066667 0.100000 0.133333 0.166667 0.200000 0.233333 0.266667 0.300000 0.333333 0.366667 0.400000 0.433333 0.466667 0.500000
0.533333 0.566667 0.600000 0.633333 0.666667 0.700000 0.733333 0.766667 0.800000 0.833333 0.866667 0.900000 0.933333 0.966667 1.000000 1.033333
1.066667 1.100000 1.133333 1.166667 1.200000 1.233333 1.266667 1.300000 1.333333 1.366667 1.400000 1.433333 1.466667 1.500000 1.533333 1.566667
1.600000 1.633333 1.666667 1.700000 1.733333 1.766667 1.800000 1.833333 1.866667 1.900000 1.933333 1.966667 2.000000 2.033333 2.066667 2.100000
2.133333 2.166667 2.200000 2.233333 2.266667 2.300000 2.333333 2.366667 2.400000 2.433333 2.466667 2.500000 2.533333 2.566667 2.600000 2.633333
2.666667 2.700000 2.733333 2.766667 2.800000 2.833333 2.866667 2.900000 2.933333 2.966667 3.000000 3.033333 3.066667 3.100000 3.133333 3.166667
3.200000 3.233333 3.266667 3.300000 3.333333 3.366667 3.400000 3.433333 3.466667 3.500000 3.533333 3.566667 3.600000 3.633333 3.666667 3.700000
3.733333 3.766667 3.800000 3.833333 3.866667 3.900000 3.933333 3.966667 4.000000 4.033333 4.066667 4.100000 4.133333 4.166667 4.200000 4.233333
4.266667 4.300000 4.333333 4.366667 4.400000 4.433333 4.466667 4.500000 4.533333 4.566667 4.600000 4.633333 4.666667 4.700000 4.733333 4.766667
4.800000 4.833333 4.866667 4.900000 4.933333 4.966667 5.000000 5.033333 5.066667 5.100000 5.133333 5.166667 5.200000 5.233333 5.266667 5.300000
5.333333 5.366667 5.400000 5.433333 5.466667 5.500000 5.533333 5.566667 5.600000 5.633333 5.666667 5.700000 5.733333 5.766667 5.800000 5.833333
5.866667 5.900000 5.933333 5.966667 6.000000 6.033333 6.066667 6.100000 6.133333 6.166667 6.200000 6.233333 6.266667 6.300000 6.333333 6.366667
6.400000 6.433333 6.466667 6.500000 6.533333 6.566667 6.600000 6.633333 6.666667 6.700000 6.733333 6.766667 6.800000 6.833333 6.866667 6.900000
6.933333 6.966667 7.000000 7.033333 7.066667 7.100000 7.133333 7.166667 7.200000 7.233333 7.266667 7.300000 7.333333 7.366667 7.400000 7.433333
7.466667 7.500000 7.533333 7.566667 7.600000 7.633333 7.666667 7.700000 7.733333 7.766667 7.800000 7.833333 7.866667 7.900000 7.933333 7.966667
8.000000 8.033333 8.066667 8.100000 8.133333 8.166667 8.200000 8.233333 8.266667 8.300000 8.333333 8.366667 8.400000 8.433333 8.466667 8.500000
8.533333 8.566667 8.600000 8.633333 8.666667 8.700000 8.733333 8.766667 8.800000 8.833333 8.866667 8.900000 8.933333 8.966667 9.000000 9.033333
9.066667 9.100000 9.133333 9.166667 9.200000 9.233333 9.266667 9.300000 9.333333 9.366667 9.400000 9.433333 9.466667 9.500000 9.533333 9.566667
9.600000 9.633333 9.666667 9.700000 9.733333 9.766667 9.800000 9.833333 9.866667 9.900000 9.933333 9.966667 10.000000 10.033333 10.066667 10.100000
10.133333 10.166667 10.200000 10.233333 10.266667 10.300000 10.333333 10.366667 10.400000 10.433333 10.466667 10.500000 10.533333 10.566667</float_array>
        <technique_common>
          <accessor source="#mixamorig_Hips-Matrix-animation-input-array" count="318">
            <param name="TIME" type="float"/>
          </accessor>
        </technique_common>
      </source>
      <source id="mixamorig_Hips-Matrix-animation-output-transform">
        <float_array id="mixamorig_Hips-Matrix-animation-output-transform-array" count="5088">

0.999834 -0.002126 0.018080 0.128377 0.001702 0.999725 0.023408 105.031555 -0.018124 -0.023373 0.999563 0.989732 0.000000 0.000000 0.000000 1.000000
0.999820 -0.002481 0.018807 0.055408 0.002034 0.999716 0.023736 105.029266 -0.018860 -0.023693 0.999541 0.979100 0.000000 0.000000 0.000000 1.000000
0.999803 -0.003122 0.019616 -0.022133 0.002656 0.999714 0.023763 105.016228 -0.019685 -0.023706 0.999525 0.964605 0.000000 0.000000 0.000000 1.000000
0.999779 -0.003756 0.020666 -0.102681 0.003265 0.999713 0.023738 104.999496 -0.020749 -0.023665 0.999505 0.947094 0.000000 0.000000 0.000000 1.000000
0.999756 -0.003972 0.021708 -0.180908 0.003461 0.999717 0.023543 104.982185 -0.021795 -0.023462 0.999487 0.925906 0.000000 0.000000 0.000000 1.000000
0.999747 -0.003723 0.022170 -0.254384 0.003210 0.999727 0.023142 104.965034 -0.022250 -0.023065 0.999486 0.900902 0.000000 0.000000 0.000000 1.000000
0.999762 -0.003373 0.021564 -0.328662 0.002881 0.999736 0.022804 104.945770 -0.021635 -0.022736 0.999507 0.872683 0.000000 0.000000 0.000000 1.000000
0.999802 -0.003003 0.019664 -0.413621 0.002552 0.999734 0.022914 104.920250 -0.019728 -0.022859 0.999544 0.840724 0.000000 0.000000 0.000000 1.000000
0.999864 -0.002343 0.016340 -0.521148 0.001956 0.999718 0.023667 104.885452 -0.016391 -0.023632 0.999586 0.802456 0.000000 0.000000 0.000000 1.000000
0.999933 -0.001595 0.011450 -0.670017 0.001306 0.999681 0.025211 104.840347 -0.011487 -0.025194 0.999617 0.757193 0.000000 0.000000 0.000000 1.000000
0.999985 -0.001265 0.005268 -0.885432 0.001117 0.999609 0.027945 104.787384 -0.005302 -0.027939 0.999596 0.712429 0.000000 0.000000 0.000000 1.000000
0.999999 -0.001228 -0.000974 -1.184062 0.001258 0.999487 0.031988 104.733063 0.000934 -0.031990 0.999488 0.684480 0.000000 0.000000 0.000000 1.000000
0.999983 -0.000962 -0.005770 -1.558981 0.001172 0.999331 0.036547 104.680832 0.005731 -0.036554 0.999315 0.688449 0.000000 0.000000 0.000000 1.000000
0.999959 -0.000041 -0.009051 -1.984256 0.000407 0.999182 0.040439 104.630875 0.009042 -0.040441 0.999141 0.724899 0.000000 0.000000 0.000000 1.000000
0.999917 0.001999 -0.012761 -2.433020 -0.001449 0.999076 0.042965 104.585701 0.012835 -0.042943 0.998995 0.779213 0.000000 0.000000 0.000000 1.000000
0.999798 0.005399 -0.019374 -2.890828 -0.004544 0.999025 0.043906 104.543427 0.019593 -0.043809 0.998848 0.834125 0.000000 0.000000 0.000000 1.000000
0.999517 0.009586 -0.029563 -3.359854 -0.008302 0.999030 0.043241 104.492096 0.029948 -0.042975 0.998627 0.882747 0.000000 0.000000 0.000000 1.000000
0.999074 0.013367 -0.040891 -3.856659 -0.011673 0.999075 0.041398 104.423889 0.041407 -0.040883 0.998306 0.929254 0.000000 0.000000 0.000000 1.000000
0.998658 0.016128 -0.049206 -4.392905 -0.014175 0.999108 0.039780 104.330368 0.049804 -0.039029 0.997996 0.976369 0.000000 0.000000 0.000000 1.000000
0.998511 0.016755 -0.051923 -4.975935 -0.014650 0.999065 0.040665 104.239410 0.052556 -0.039844 0.997823 1.024223 0.000000 0.000000 0.000000 1.000000
0.998679 0.014819 -0.049203 -5.583552 -0.012592 0.998896 0.045251 104.139259 0.049819 -0.044572 0.997763 1.066895 0.000000 0.000000 0.000000 1.000000
0.999067 0.010766 -0.041830 -6.204337 -0.008609 0.998640 0.051417 104.026329 0.042327 -0.051009 0.997801 1.095028 0.000000 0.000000 0.000000 1.000000
0.999541 0.006699 -0.029552 -6.845738 -0.005036 0.998419 0.055975 103.905678 0.029880 -0.055800 0.997995 1.100087 0.000000 0.000000 0.000000 1.000000
0.999907 0.004133 -0.013006 -7.512907 -0.003355 0.998233 0.059327 103.791649 0.013228 -0.059278 0.998154 1.088989 0.000000 0.000000 0.000000 1.000000
0.999982 0.003220 0.005021 -8.188734 -0.003534 0.997957 0.063786 103.685631 -0.004805 -0.063802 0.997951 1.076817 0.000000 0.000000 0.000000 1.000000
0.999766 0.003221 0.021394 -8.852337 -0.004678 0.997646 0.068418 103.595657 -0.021123 -0.068502 0.997427 1.062572 0.000000 0.000000 0.000000 1.000000
0.999407 0.003044 0.034288 -9.483498 -0.005448 0.997517 0.070213 103.522980 -0.033989 -0.070358 0.996943 1.023278 0.000000 0.000000 0.000000 1.000000
0.999060 0.001844 0.043317 -10.080309 -0.004819 0.997627 0.068677 103.470284 -0.043087 -0.068821 0.996698 0.935790 0.000000 0.000000 0.000000 1.000000
0.998785 -0.000146 0.049270 -10.655191 -0.003132 0.997785 0.066451 103.431244 -0.049171 -0.066525 0.996572 0.790815 0.000000 0.000000 0.000000 1.000000
0.998573 -0.002780 0.053330 -11.222726 -0.000748 0.997818 0.066016 103.408104 -0.053397 -0.065962 0.996392 0.583589 0.000000 0.000000 0.000000 1.000000
0.998412 -0.006858 0.055914 -11.787745 0.003061 0.997700 0.067719 103.421829 -0.056249 -0.067440 0.996136 0.299922 0.000000 0.000000 0.000000 1.000000
0.998278 -0.014006 0.056962 -12.371094 0.009934 0.997416 0.071153 103.563248 -0.057812 -0.070464 0.995838 -0.073165 0.000000 0.000000 0.000000 1.000000
0.998071 -0.025024 0.056813 -13.023279 0.020666 0.996891 0.076029 103.961342 -0.058538 -0.074708 0.995486 -0.533890 0.000000 0.000000 0.000000 1.000000
0.997872 -0.033400 0.056002 -13.657116 0.028764 0.996247 0.081642 104.392349 -0.058519 -0.079858 0.995087 -1.083147 0.000000 0.000000 0.000000 1.000000
0.997841 -0.036924 0.054308 -14.210456 0.032111 0.995693 0.086974 104.700783 -0.057286 -0.085042 0.994729 -1.718369 0.000000 0.000000 0.000000 1.000000
0.998044 -0.034857 0.051905 -14.606735 0.030002 0.995348 0.091557 104.781723 -0.054855 -0.089820 0.994446 -2.395992 0.000000 0.000000 0.000000 1.000000
0.998246 -0.033623 0.048736 -14.888992 0.028847 0.995004 0.095574 104.722603 -0.051706 -0.094000 0.994229 -3.005658 0.000000 0.000000 0.000000 1.000000
0.998422 -0.035203 0.043757 -15.098169 0.030731 0.994615 0.098979 104.642807 -0.047006 -0.097478 0.994127 -3.424213 0.000000 0.000000 0.000000 1.000000
0.998575 -0.040195 0.035112 -15.257612 0.036476 0.994238 0.100801 104.575539 -0.038962 -0.099377 0.994287 -3.602660 0.000000 0.000000 0.000000 1.000000
0.998662 -0.046290 0.023042 -15.373747 0.043773 0.994044 0.099798 104.569283 -0.027525 -0.098656 0.994741 -3.598919 0.000000 0.000000 0.000000 1.000000
0.998569 -0.052209 0.011605 -15.441416 0.050850 0.994031 0.096526 104.711845 -0.016575 -0.095797 0.995263 -3.513120 0.000000 0.000000 0.000000 1.000000
0.998211 -0.059550 0.005300 -15.430741 0.058790 0.993840 0.093940 105.010513 -0.010862 -0.093461 0.995564 -3.406846 0.000000 0.000000 0.000000 1.000000
0.997451 -0.071345 0.001272 -15.330709 0.070904 0.992964 0.094846 105.279388 -0.008029 -0.094514 0.995491 -3.291306 0.000000 0.000000 0.000000 1.000000
0.996118 -0.087160 -0.012367 -15.213434 0.087954 0.991311 0.097807 105.238426 0.003735 -0.098515 0.995129 -3.139929 0.000000 0.000000 0.000000 1.000000
0.994472 -0.095849 -0.042887 -15.041811 0.099629 0.990284 0.097012 104.479782 0.033172 -0.100749 0.994359 -2.870027 0.000000 0.000000 0.000000 1.000000
0.992357 -0.095637 -0.077977 -14.838970 0.102482 0.990736 0.089107 103.451111 0.068732 -0.096417 0.992965 -2.553560 0.000000 0.000000 0.000000 1.000000
0.990489 -0.099351 -0.095192 -14.692626 0.106870 0.991253 0.077435 102.765121 0.086666 -0.086872 0.992443 -2.414712 0.000000 0.000000 0.000000 1.000000
0.990368 -0.108878 -0.085543 -14.530674 0.114953 0.990928 0.069626 102.459610 0.077186 -0.078789 0.993899 -2.535700 0.000000 0.000000 0.000000 1.000000
0.991006 -0.119473 -0.060273 -14.350784 0.123694 0.989706 0.071983 102.595970 0.051052 -0.078791 0.995583 -2.936837 0.000000 0.000000 0.000000 1.000000
0.991088 -0.127946 -0.037075 -14.291112 0.130630 0.988000 0.082408 103.507103 0.026087 -0.086517 0.995909 -3.632787 0.000000 0.000000 0.000000 1.000000
0.992117 -0.122494 -0.026448 -14.151592 0.124430 0.987965 0.091881 104.634552 0.014875 -0.094447 0.995419 -4.339929 0.000000 0.000000 0.000000 1.000000
0.993360 -0.111975 -0.026431 -13.962029 0.113993 0.988986 0.094409 105.556137 0.015569 -0.096795 0.995183 -4.900147 0.000000 0.000000 0.000000 1.000000
0.994146 -0.104485 -0.027500 -13.656922 0.106566 0.990203 0.090230 105.664566 0.017803 -0.092632 0.995541 -5.167958 0.000000 0.000000 0.000000 1.000000
0.994540 -0.102444 -0.019870 -13.199894 0.103760 0.991068 0.083778 105.417358 0.011110 -0.085382 0.996286 -5.273847 0.000000 0.000000 0.000000 1.000000
0.994589 -0.103872 -0.001788 -12.565635 0.103675 0.991305 0.081034 105.285217 -0.006644 -0.080781 0.996710 -5.397017 0.000000 0.000000 0.000000 1.000000
0.994161 -0.106135 0.019478 -11.832651 0.104128 0.990937 0.084861 105.320015 -0.028309 -0.082337 0.996202 -5.639486 0.000000 0.000000 0.000000 1.000000
0.993693 -0.106885 0.033911 -11.101933 0.103359 0.990316 0.092693 105.350677 -0.043490 -0.088604 0.995117 -5.982349 0.000000 0.000000 0.000000 1.000000
0.993663 -0.106515 0.035899 -10.431776 0.102473 0.989688 0.100086 105.435516 -0.046190 -0.095773 0.994331 -6.320938 0.000000 0.000000 0.000000 1.000000
0.994196 -0.104170 0.026894 -9.792192 0.100837 0.989390 0.104593 105.577667 -0.037504 -0.101274 0.994151 -6.595662 0.000000 0.000000 0.000000 1.000000
0.995034 -0.098771 0.012346 -9.096199 0.096939 0.989721 0.105145 105.673019 -0.022604 -0.103426 0.994380 -6.817440 0.000000 0.000000 0.000000 1.000000
0.996024 -0.089061 -0.002244 -8.248027 0.088831 0.990903 0.101100 105.563408 -0.006781 -0.100897 0.994874 -7.049305 0.000000 0.000000 0.000000 1.000000
0.996949 -0.076501 -0.015498 -7.239281 0.077627 0.992510 0.094332 105.356422 0.008166 -0.095247 0.995420 -7.348096 0.000000 0.000000 0.000000 1.000000
0.997528 -0.063485 -0.030139 -6.123179 0.065943 0.993835 0.089123 105.195427 0.024295 -0.090890 0.995565 -7.710793 0.000000 0.000000 0.000000 1.000000
0.997629 -0.048810 -0.048522 -4.917614 0.052955 0.994696 0.088181 105.089172 0.043960 -0.090541 0.994922 -8.091810 0.000000 0.000000 0.000000 1.000000
0.997043 -0.032125 -0.069804 -3.609028 0.038312 0.995279 0.089177 104.985924 0.066609 -0.091587 0.993567 -8.432932 0.000000 0.000000 0.000000 1.000000
0.995763 -0.013946 -0.090896 -2.139626 0.021775 0.996081 0.085724 104.837646 0.089344 -0.087340 0.992164 -8.704178 0.000000 0.000000 0.000000 1.000000
0.993955 0.004141 -0.109710 -0.460652 0.004070 0.997212 0.074513 104.597374 0.109712 -0.074509 0.991167 -8.948994 0.000000 0.000000 0.000000 1.000000
0.991652 0.016362 -0.127899 1.360687 -0.008633 0.998115 0.060755 104.406425 0.128652 -0.059143 0.989925 -9.271623 0.000000 0.000000 0.000000 1.000000
0.988379 0.022277 -0.150367 3.261249 -0.014541 0.998523 0.052353 104.391464 0.151311 -0.049559 0.987243 -9.791277 0.000000 0.000000 0.000000 1.000000
0.983001 0.021562 -0.182330 5.089288 -0.012822 0.998718 0.048977 104.349373 0.183152 -0.045806 0.982017 -10.450096 0.000000 0.000000 0.000000 1.000000
0.975176 0.019241 -0.220594 6.780719 -0.010127 0.999051 0.042371 104.270645 0.221200 -0.039085 0.974445 -11.152493 0.000000 0.000000 0.000000 1.000000
0.968018 0.021975 -0.249918 8.433200 -0.015200 0.999464 0.029005 104.370026 0.250421 -0.024279 0.967833 -11.819662 0.000000 0.000000 0.000000 1.000000
0.966365 0.021434 -0.256280 9.895188 -0.018092 0.999718 0.015390 104.501289 0.256537 -0.010236 0.966480 -12.306770 0.000000 0.000000 0.000000 1.000000
0.969902 0.019789 -0.242690 11.124116 -0.018359 0.999798 0.008155 104.734955 0.242802 -0.003454 0.970070 -12.604246 0.000000 0.000000 0.000000 1.000000
0.974255 0.022910 -0.224280 12.110643 -0.022055 0.999737 0.006318 105.060577 0.224366 -0.001209 0.974504 -12.769303 0.000000 0.000000 0.000000 1.000000
0.977512 0.031490 -0.208513 12.843900 -0.030886 0.999504 0.006156 105.240318 0.208603 0.000423 0.978000 -12.836794 0.000000 0.000000 0.000000 1.000000
0.980666 0.046187 -0.190161 13.414665 -0.045857 0.998929 0.006135 105.193405 0.190241 0.002704 0.981734 -12.829331 0.000000 0.000000 0.000000 1.000000
0.984993 0.062948 -0.160704 13.899386 -0.062933 0.998004 0.005189 105.071869 0.160710 0.005003 0.986989 -12.733985 0.000000 0.000000 0.000000 1.000000
0.990064 0.077952 -0.117034 14.373434 -0.078234 0.996933 0.002188 105.013527 0.116846 0.006989 0.993125 -12.516574 0.000000 0.000000 0.000000 1.000000
0.994006 0.089450 -0.062853 14.923332 -0.089765 0.995960 -0.002212 105.043076 0.062401 0.007841 0.998020 -12.167819 0.000000 0.000000 0.000000 1.000000
0.995199 0.097574 -0.007687 15.641833 -0.097625 0.995201 -0.006588 105.142029 0.007008 0.007307 0.999949 -11.748130 0.000000 0.000000 0.000000 1.000000
0.994100 0.103273 0.033156 16.545076 -0.102982 0.994629 -0.010376 105.248108 -0.034049 0.006900 0.999396 -11.400181 0.000000 0.000000 0.000000 1.000000
0.992973 0.110144 0.043274 17.526997 -0.109725 0.993890 -0.011966 105.380882 -0.044328 0.007134 0.998992 -11.261995 0.000000 0.000000 0.000000 1.000000
0.992895 0.117741 0.017250 18.321379 -0.117617 0.993027 -0.007996 105.589203 -0.018071 0.005911 0.999819 -11.348151 0.000000 0.000000 0.000000 1.000000
0.991971 0.122460 -0.031566 18.721222 -0.122444 0.992472 0.002475 105.808807 0.031632 0.001410 0.999499 -11.537551 0.000000 0.000000 0.000000 1.000000
0.988795 0.125874 -0.080250 18.827976 -0.125114 0.992037 0.014448 105.962265 0.081430 -0.004245 0.996670 -11.665678 0.000000 0.000000 0.000000 1.000000
0.985017 0.128118 -0.115445 18.795301 -0.126441 0.991735 0.021767 105.996094 0.117279 -0.006843 0.993075 -11.645329 0.000000 0.000000 0.000000 1.000000
0.981566 0.131234 -0.138947 18.742979 -0.129241 0.991339 0.023312 105.968468 0.140803 -0.004925 0.990025 -11.505590 0.000000 0.000000 0.000000 1.000000
0.978203 0.135601 -0.157261 18.700651 -0.133882 0.990763 0.021527 105.955681 0.158728 -0.000003 0.987322 -11.316271 0.000000 0.000000 0.000000 1.000000
0.974722 0.141005 -0.173307 18.645596 -0.139948 0.989988 0.018371 105.944023 0.174162 0.006347 0.984697 -11.113235 0.000000 0.000000 0.000000 1.000000
0.971388 0.145847 -0.187441 18.547911 -0.145725 0.989219 0.014507 105.909332 0.187536 0.013223 0.982169 -10.909139 0.000000 0.000000 0.000000 1.000000
0.968161 0.149802 -0.200558 18.416563 -0.150760 0.988514 0.010578 105.885025 0.199839 0.019995 0.979625 -10.723274 0.000000 0.000000 0.000000 1.000000
0.965322 0.149957 -0.213697 18.154779 -0.151802 0.988380 0.007846 105.754303 0.212390 0.024866 0.976869 -10.540348 0.000000 0.000000 0.000000 1.000000
0.962622 0.148483 -0.226520 17.817614 -0.150748 0.988545 0.007369 105.695221 0.225019 0.027054 0.973979 -10.372240 0.000000 0.000000 0.000000 1.000000
0.960849 0.144442 -0.236443 17.401461 -0.146641 0.989155 0.008357 105.757088 0.235086 0.026642 0.971609 -10.188594 0.000000 0.000000 0.000000 1.000000
0.961185 0.136705 -0.239657 16.915476 -0.138691 0.990298 0.008640 105.928368 0.238513 0.024933 0.970819 -9.936723 0.000000 0.000000 0.000000 1.000000
0.964388 0.125766 -0.232679 16.354504 -0.127267 0.991831 0.008612 106.132439 0.231861 0.021307 0.972516 -9.542460 0.000000 0.000000 0.000000 1.000000
0.970236 0.112914 -0.214226 15.699491 -0.112927 0.993528 0.012214 106.259758 0.214219 0.012341 0.976708 -8.950468 0.000000 0.000000 0.000000 1.000000
0.977521 0.098107 -0.186623 14.953985 -0.095682 0.995169 0.021978 106.199150 0.187878 -0.003628 0.982186 -8.176298 0.000000 0.000000 0.000000 1.000000
0.984592 0.083793 -0.153484 14.178281 -0.079259 0.996224 0.035431 106.107430 0.155874 -0.022720 0.987516 -7.320312 0.000000 0.000000 0.000000 1.000000
0.990955 0.065560 -0.117093 13.276414 -0.060398 0.997062 0.047102 105.915131 0.119837 -0.039604 0.992003 -6.418693 0.000000 0.000000 0.000000 1.000000
0.995816 0.046537 -0.078649 12.241118 -0.042269 0.997587 0.055086 105.814407 0.081022 -0.051531 0.995379 -5.545128 0.000000 0.000000 0.000000 1.000000
0.998774 0.029573 -0.039689 11.099426 -0.027084 0.997718 0.061851 105.872032 0.041427 -0.060701 0.997296 -4.757453 0.000000 0.000000 0.000000 1.000000
0.999762 0.021707 -0.002202 9.957536 -0.021505 0.997430 0.068342 105.779198 0.003680 -0.068278 0.997660 -4.143030 0.000000 0.000000 0.000000 1.000000
0.999369 0.016159 0.031615 8.794984 -0.018434 0.997158 0.073048 105.781448 -0.030345 -0.073585 0.996827 -3.675007 0.000000 0.000000 0.000000 1.000000
0.997977 0.012241 0.062393 7.607584 -0.016894 0.997070 0.074605 105.690735 -0.061297 -0.075508 0.995259 -3.378183 0.000000 0.000000 0.000000 1.000000
0.995841 0.008085 0.090749 6.427598 -0.014676 0.997282 0.072207 105.423347 -0.089918 -0.073238 0.993253 -3.258937 0.000000 0.000000 0.000000 1.000000
0.993670 0.002775 0.112307 5.369430 -0.010230 0.997777 0.065854 105.016678 -0.111875 -0.066586 0.991489 -3.298439 0.000000 0.000000 0.000000 1.000000
0.993047 -0.003486 0.117666 4.536526 -0.003371 0.998309 0.058028 104.643417 -0.117669 -0.058021 0.991356 -3.417819 0.000000 0.000000 0.000000 1.000000
0.994749 -0.012704 0.101553 3.892810 0.007450 0.998622 0.051951 104.424629 -0.102074 -0.050922 0.993473 -3.501463 0.000000 0.000000 0.000000 1.000000
0.997193 -0.023765 0.071006 3.354279 0.020447 0.998681 0.047087 104.421509 -0.072032 -0.045503 0.996364 -3.474515 0.000000 0.000000 0.000000 1.000000
0.998628 -0.034870 0.039068 2.899738 0.033292 0.998632 0.040318 104.658524 -0.040420 -0.038962 0.998423 -3.362746 0.000000 0.000000 0.000000 1.000000
0.998885 -0.046077 0.010248 2.550667 0.045734 0.998456 0.031534 105.042000 -0.011685 -0.031030 0.999450 -3.252631 0.000000 0.000000 0.000000 1.000000
0.998051 -0.057424 -0.024424 2.301528 0.058019 0.998017 0.024390 105.328529 0.022975 -0.025759 0.999404 -3.151693 0.000000 0.000000 0.000000 1.000000
0.994875 -0.065901 -0.076690 2.126508 0.067712 0.997479 0.021255 105.210609 0.075096 -0.026339 0.996828 -2.956359 0.000000 0.000000 0.000000 1.000000
0.986810 -0.069895 -0.146016 1.944264 0.073617 0.997081 0.020241 104.728569 0.144175 -0.030723 0.989075 -2.611026 0.000000 0.000000 0.000000 1.000000
0.974405 -0.069277 -0.213860 1.823154 0.074716 0.997052 0.017442 104.040947 0.212021 -0.032974 0.976709 -2.128839 0.000000 0.000000 0.000000 1.000000
0.964414 -0.071024 -0.254678 1.817945 0.076502 0.997001 0.011654 103.487488 0.253087 -0.030723 0.966956 -1.704115 0.000000 0.000000 0.000000 1.000000
0.963035 -0.076587 -0.258259 2.020275 0.081196 0.996672 0.007210 103.246750 0.256847 -0.027913 0.966049 -1.460512 0.000000 0.000000 0.000000 1.000000
0.967896 -0.082540 -0.237412 2.397134 0.087054 0.996167 0.008575 103.454216 0.235794 -0.028967 0.971371 -1.428067 0.000000 0.000000 0.000000 1.000000
0.973421 -0.086352 -0.212119 2.849684 0.091379 0.995718 0.013994 104.139877 0.210003 -0.033005 0.977144 -1.544095 0.000000 0.000000 0.000000 1.000000
0.977553 -0.083741 -0.193335 3.393075 0.088999 0.995857 0.018660 104.950493 0.190972 -0.035448 0.980955 -1.640314 0.000000 0.000000 0.000000 1.000000
0.980301 -0.076295 -0.182178 4.017374 0.081504 0.996446 0.021269 105.532379 0.179908 -0.035699 0.983035 -1.623662 0.000000 0.000000 0.000000 1.000000
0.981860 -0.065079 -0.178088 4.729386 0.070586 0.997198 0.024757 105.674957 0.175978 -0.036878 0.983703 -1.431062 0.000000 0.000000 0.000000 1.000000
0.982357 -0.050340 -0.180110 5.537561 0.057056 0.997848 0.032304 105.457001 0.178096 -0.042010 0.983116 -1.053484 0.000000 0.000000 0.000000 1.000000
0.982267 -0.033944 -0.184387 6.430255 0.042724 0.998124 0.043849 105.229103 0.182552 -0.050949 0.981875 -0.548693 0.000000 0.000000 0.000000 1.000000
0.982550 -0.016213 -0.185291 7.443098 0.027188 0.998013 0.056845 105.065041 0.184001 -0.060891 0.981038 0.014930 0.000000 0.000000 0.000000 1.000000
0.983811 -0.000260 -0.179211 8.572687 0.012632 0.997612 0.067899 104.932610 0.178765 -0.069064 0.981465 0.556115 0.000000 0.000000 0.000000 1.000000
0.986028 0.010056 -0.166278 9.775991 0.002213 0.997297 0.073440 104.810097 0.166568 -0.072782 0.983340 1.024253 0.000000 0.000000 0.000000 1.000000
0.988722 0.013568 -0.149147 11.002687 -0.002588 0.997287 0.073571 104.744659 0.149741 -0.072355 0.986074 1.408684 0.000000 0.000000 0.000000 1.000000
0.991138 0.014163 -0.132076 12.250776 -0.004586 0.997355 0.072533 104.768341 0.132754 -0.071285 0.988582 1.714772 0.000000 0.000000 0.000000 1.000000
0.992585 0.015831 -0.120519 13.524324 -0.007007 0.997286 0.073294 104.876984 0.121352 -0.071907 0.990002 1.932663 0.000000 0.000000 0.000000 1.000000
0.992773 0.020226 -0.118290 14.796550 -0.011308 0.997076 0.075581 105.034599 0.119473 -0.073697 0.990099 2.039256 0.000000 0.000000 0.000000 1.000000
0.991869 0.025646 -0.124654 16.002832 -0.015910 0.996789 0.078479 105.209091 0.126266 -0.075857 0.989092 2.024328 0.000000 0.000000 0.000000 1.000000
0.990381 0.030675 -0.134923 17.087879 -0.019793 0.996496 0.081269 105.305603 0.136943 -0.077817 0.987518 1.908347 0.000000 0.000000 0.000000 1.000000
0.988912 0.035732 -0.144141 18.042269 -0.023898 0.996262 0.083011 105.244247 0.146568 -0.078645 0.986069 1.735491 0.000000 0.000000 0.000000 1.000000
0.987778 0.041397 -0.150269 18.898239 -0.029019 0.996073 0.083650 105.081787 0.153142 -0.078267 0.985100 1.548446 0.000000 0.000000 0.000000 1.000000
0.986789 0.047887 -0.154773 19.683914 -0.035260 0.995899 0.083322 104.931557 0.158128 -0.076764 0.984430 1.364249 0.000000 0.000000 0.000000 1.000000
0.985471 0.054713 -0.160791 20.384624 -0.042147 0.995859 0.080553 104.810326 0.164532 -0.072606 0.983696 1.177873 0.000000 0.000000 0.000000 1.000000
0.983467 0.062356 -0.170015 21.000565 -0.050496 0.996037 0.073213 104.743843 0.173907 -0.063417 0.982718 0.980978 0.000000 0.000000 0.000000 1.000000
0.980873 0.070318 -0.181506 21.559507 -0.060092 0.996312 0.061247 104.763641 0.185143 -0.049169 0.981481 0.777159 0.000000 0.000000 0.000000 1.000000
0.978283 0.076294 -0.192722 22.074234 -0.068291 0.996518 0.047845 104.828140 0.195701 -0.033644 0.980086 0.576267 0.000000 0.000000 0.000000 1.000000
0.976457 0.079848 -0.200389 22.552338 -0.073770 0.996565 0.037628 104.889030 0.202705 -0.021960 0.978994 0.380228 0.000000 0.000000 0.000000 1.000000
0.975884 0.082844 -0.201957 23.004644 -0.077896 0.996437 0.032342 104.936409 0.203916 -0.015830 0.978860 0.187784 0.000000 0.000000 0.000000 1.000000
0.976385 0.086833 -0.197818 23.430796 -0.082476 0.996136 0.030172 105.000259 0.199673 -0.013144 0.979774 0.014527 0.000000 0.000000 0.000000 1.000000
0.977239 0.092239 -0.191038 23.806129 -0.088101 0.995658 0.030061 105.118118 0.192981 -0.012546 0.981122 -0.109323 0.000000 0.000000 0.000000 1.000000
0.977974 0.098782 -0.183871 24.110909 -0.094417 0.995007 0.032365 105.274155 0.186150 -0.014292 0.982417 -0.156578 0.000000 0.000000 0.000000 1.000000
0.978579 0.106452 -0.176211 24.355465 -0.101591 0.994160 0.036410 105.407990 0.179058 -0.017728 0.983679 -0.129508 0.000000 0.000000 0.000000 1.000000
0.979070 0.115275 -0.167730 24.559156 -0.110019 0.993111 0.040327 105.458740 0.171223 -0.021029 0.985008 -0.037784 0.000000 0.000000 0.000000 1.000000
0.979375 0.124112 -0.159442 24.715893 -0.118734 0.992001 0.042858 105.462013 0.163486 -0.023043 0.986277 0.119161 0.000000 0.000000 0.000000 1.000000
0.979710 0.130461 -0.152145 24.812668 -0.125062 0.991147 0.044575 105.492271 0.156613 -0.024644 0.987353 0.348442 0.000000 0.000000 0.000000 1.000000
0.980390 0.133018 -0.145404 24.865963 -0.127423 0.990726 0.047176 105.583015 0.150330 -0.027723 0.988247 0.607009 0.000000 0.000000 0.000000 1.000000
0.981184 0.134090 -0.138920 24.932302 -0.128062 0.990428 0.051496 105.757004 0.144495 -0.032737 0.988964 0.795611 0.000000 0.000000 0.000000 1.000000
0.981748 0.135916 -0.133034 25.039379 -0.129345 0.989967 0.056887 105.976082 0.139431 -0.038642 0.989478 0.873172 0.000000 0.000000 0.000000 1.000000
0.982324 0.137195 -0.127349 25.141304 -0.130112 0.989533 0.062408 106.111298 0.134578 -0.044735 0.989893 0.950021 0.000000 0.000000 0.000000 1.000000
0.982778 0.138687 -0.122119 25.250063 -0.131137 0.989038 0.067870 106.229248 0.130193 -0.050687 0.990192 1.009723 0.000000 0.000000 0.000000 1.000000
0.983192 0.140064 -0.117117 25.356762 -0.132085 0.988520 0.073361 106.316650 0.126048 -0.056659 0.990405 1.071518 0.000000 0.000000 0.000000 1.000000
0.983680 0.140690 -0.112158 25.452667 -0.132323 0.988063 0.078875 106.366730 0.121916 -0.062747 0.990555 1.154489 0.000000 0.000000 0.000000 1.000000
0.984303 0.140211 -0.107184 25.529236 -0.131518 0.987722 0.084307 106.368591 0.117689 -0.068887 0.990658 1.276370 0.000000 0.000000 0.000000 1.000000
0.985016 0.138820 -0.102338 25.586189 -0.129859 0.987477 0.089581 106.328613 0.113492 -0.074949 0.990708 1.433203 0.000000 0.000000 0.000000 1.000000
0.985696 0.137226 -0.097842 25.629517 -0.128048 0.987243 0.094630 106.254318 0.109579 -0.080748 0.990693 1.606393 0.000000 0.000000 0.000000 1.000000
0.986315 0.135568 -0.093825 25.663015 -0.126212 0.987014 0.099363 106.163734 0.106077 -0.086162 0.990618 1.783224 0.000000 0.000000 0.000000 1.000000
0.986951 0.133402 -0.090175 25.680109 -0.123908 0.986853 0.103766 106.043404 0.102832 -0.091239 0.990505 1.977421 0.000000 0.000000 0.000000 1.000000
0.987698 0.130036 -0.086854 25.670139 -0.120425 0.986831 0.107992 105.847054 0.099753 -0.096204 0.990350 2.213301 0.000000 0.000000 0.000000 1.000000
0.988334 0.126713 -0.084498 25.655996 -0.116942 0.986804 0.111996 105.631577 0.097574 -0.100808 0.990110 2.437951 0.000000 0.000000 0.000000 1.000000
0.988975 0.122469 -0.083246 25.615664 -0.112558 0.986988 0.114826 105.360359 0.096226 -0.104190 0.989891 2.684069 0.000000 0.000000 0.000000 1.000000
0.989626 0.117330 -0.082912 25.555798 -0.107423 0.987511 0.115251 105.099960 0.095399 -0.105149 0.989870 2.926263 0.000000 0.000000 0.000000 1.000000
0.990285 0.111659 -0.082878 25.485708 -0.101938 0.988297 0.113476 104.918259 0.094579 -0.103926 0.990078 3.140950 0.000000 0.000000 0.000000 1.000000
0.990748 0.106939 -0.083557 25.411037 -0.097350 0.988991 0.111444 104.835670 0.094555 -0.102279 0.990252 3.317943 0.000000 0.000000 0.000000 1.000000
0.990689 0.105269 -0.086332 25.339289 -0.095503 0.989292 0.110364 104.828583 0.097026 -0.101092 0.990135 3.478757 0.000000 0.000000 0.000000 1.000000
0.989977 0.107132 -0.092025 25.263670 -0.096917 0.989295 0.109097 104.850769 0.102727 -0.099085 0.989762 3.637031 0.000000 0.000000 0.000000 1.000000
0.988898 0.110695 -0.099138 25.162674 -0.100078 0.989282 0.106328 104.893867 0.109846 -0.095226 0.989377 3.804060 0.000000 0.000000 0.000000 1.000000
0.988037 0.113329 -0.104588 25.023424 -0.102539 0.989345 0.103353 104.962845 0.115186 -0.091392 0.989131 3.986712 0.000000 0.000000 0.000000 1.000000
0.987693 0.114739 -0.106287 24.864895 -0.103899 0.989296 0.102465 105.069817 0.116906 -0.090161 0.989042 4.176358 0.000000 0.000000 0.000000 1.000000
0.987563 0.116458 -0.105630 24.727934 -0.105618 0.989058 0.102997 105.216263 0.116469 -0.090559 0.989057 4.350065 0.000000 0.000000 0.000000 1.000000
0.987051 0.119203 -0.107332 24.641605 -0.108389 0.988912 0.101514 105.371597 0.118243 -0.088566 0.989027 4.466943 0.000000 0.000000 0.000000 1.000000
0.985732 0.122946 -0.114960 24.625191 -0.112133 0.989022 0.096234 105.520042 0.125529 -0.081970 0.988698 4.486073 0.000000 0.000000 0.000000 1.000000
0.983803 0.127394 -0.126108 24.683985 -0.116616 0.989139 0.089473 105.661995 0.136137 -0.073318 0.987973 4.401895 0.000000 0.000000 0.000000 1.000000
0.982303 0.131014 -0.133848 24.761940 -0.120381 0.989108 0.084699 105.750290 0.143487 -0.067087 0.987376 4.313237 0.000000 0.000000 0.000000 1.000000
0.981955 0.132707 -0.134733 24.770952 -0.122319 0.989040 0.082688 105.767693 0.144230 -0.064716 0.987426 4.338446 0.000000 0.000000 0.000000 1.000000
0.982304 0.133369 -0.131495 24.685917 -0.123195 0.988929 0.082720 105.780930 0.141072 -0.065057 0.987859 4.480860 0.000000 0.000000 0.000000 1.000000
0.983016 0.133294 -0.126146 24.529615 -0.123132 0.988724 0.085221 105.799339 0.136083 -0.068241 0.988344 4.733639 0.000000 0.000000 0.000000 1.000000
0.984241 0.132201 -0.117445 24.349867 -0.121926 0.988380 0.090767 105.820877 0.128080 -0.075017 0.988923 5.057749 0.000000 0.000000 0.000000 1.000000
0.986088 0.128620 -0.105297 24.166399 -0.118394 0.988097 0.098216 105.790962 0.116676 -0.084383 0.989579 5.421008 0.000000 0.000000 0.000000 1.000000
0.988001 0.122269 -0.094359 23.985361 -0.112218 0.988083 0.105351 105.682030 0.106116 -0.093498 0.989948 5.757413 0.000000 0.000000 0.000000 1.000000
0.989318 0.115027 -0.089543 23.817352 -0.104891 0.988305 0.110687 105.529175 0.101228 -0.100113 0.989813 6.014174 0.000000 0.000000 0.000000 1.000000
0.989930 0.109275 -0.089985 23.686350 -0.098712 0.988510 0.114470 105.397728 0.101460 -0.104435 0.989343 6.172682 0.000000 0.000000 0.000000 1.000000
0.990313 0.105755 -0.089979 23.620089 -0.094884 0.988524 0.117544 105.330750 0.101378 -0.107868 0.988983 6.261213 0.000000 0.000000 0.000000 1.000000
0.990948 0.103386 -0.085640 23.631142 -0.092675 0.988343 0.120787 105.324112 0.097129 -0.111757 0.988977 6.303826 0.000000 0.000000 0.000000 1.000000
0.991889 0.100716 -0.077541 23.701977 -0.090553 0.988018 0.124980 105.332779 0.089199 -0.116944 0.989125 6.300822 0.000000 0.000000 0.000000 1.000000
0.992872 0.097466 -0.068597 23.794258 -0.088040 0.987716 0.129100 105.304108 0.080338 -0.122140 0.989256 6.243874 0.000000 0.000000 0.000000 1.000000
0.993595 0.094547 -0.061885 23.874191 -0.085822 0.987659 0.131013 105.216751 0.073508 -0.124863 0.989447 6.140265 0.000000 0.000000 0.000000 1.000000
0.993951 0.092903 -0.058579 23.921999 -0.084550 0.987669 0.131761 105.092834 0.070097 -0.126011 0.989549 6.019231 0.000000 0.000000 0.000000 1.000000
0.994045 0.093172 -0.056518 23.939056 -0.084847 0.987189 0.135126 105.000671 0.068384 -0.129526 0.989215 5.893980 0.000000 0.000000 0.000000 1.000000
0.994108 0.094506 -0.053083 23.941196 -0.086259 0.986307 0.140559 104.978188 0.065640 -0.135152 0.988648 5.768967 0.000000 0.000000 0.000000 1.000000
0.994233 0.095315 -0.049158 23.940453 -0.087452 0.985877 0.142822 105.021751 0.062077 -0.137699 0.988527 5.661387 0.000000 0.000000 0.000000 1.000000
0.994307 0.095787 -0.046682 23.931442 -0.088371 0.986055 0.141016 105.143967 0.059538 -0.136087 0.988906 5.594788 0.000000 0.000000 0.000000 1.000000
0.994340 0.096480 -0.044502 23.895164 -0.089494 0.986292 0.138631 105.324677 0.057267 -0.133864 0.989344 5.580208 0.000000 0.000000 0.000000 1.000000
0.994447 0.096894 -0.041073 23.826651 -0.090488 0.986515 0.136384 105.507042 0.053734 -0.131910 0.989804 5.585779 0.000000 0.000000 0.000000 1.000000
0.994612 0.095789 -0.039643 23.719482 -0.089798 0.987141 0.132243 105.603058 0.051801 -0.127970 0.990424 5.560450 0.000000 0.000000 0.000000 1.000000
0.994525 0.094041 -0.045573 23.567900 -0.087678 0.988178 0.125763 105.621506 0.056861 -0.121079 0.991013 5.428982 0.000000 0.000000 0.000000 1.000000
0.993919 0.093598 -0.057998 23.385380 -0.086239 0.989202 0.118504 105.618965 0.068463 -0.112782 0.991258 5.174864 0.000000 0.000000 0.000000 1.000000
0.993007 0.095666 -0.069175 23.208784 -0.087555 0.989837 0.112056 105.649155 0.079192 -0.105216 0.991291 4.854069 0.000000 0.000000 0.000000 1.000000
0.992378 0.099139 -0.073188 23.054928 -0.091059 0.990132 0.106519 105.710602 0.083026 -0.099043 0.991613 4.535993 0.000000 0.000000 0.000000 1.000000
0.992213 0.101701 -0.071901 22.895082 -0.094207 0.990428 0.100888 105.752769 0.081473 -0.093328 0.992296 4.243087 0.000000 0.000000 0.000000 1.000000
0.992136 0.102659 -0.071604 22.684225 -0.095662 0.990860 0.095110 105.741188 0.080714 -0.087513 0.992888 3.950058 0.000000 0.000000 0.000000 1.000000
0.991766 0.103100 -0.075967 22.398148 -0.096123 0.991257 0.090391 105.691772 0.084622 -0.082345 0.993005 3.634058 0.000000 0.000000 0.000000 1.000000
0.991149 0.103604 -0.083008 22.033640 -0.096319 0.991504 0.087426 105.630638 0.091361 -0.078657 0.992707 3.316628 0.000000 0.000000 0.000000 1.000000
0.990727 0.103673 -0.087822 21.602575 -0.096231 0.991713 0.085118 105.558754 0.095919 -0.075877 0.992493 3.046551 0.000000 0.000000 0.000000 1.000000
0.990882 0.102661 -0.087259 21.121458 -0.095566 0.992045 0.081937 105.463615 0.094977 -0.072851 0.992810 2.846769 0.000000 0.000000 0.000000 1.000000
0.991655 0.099923 -0.081455 20.600824 -0.093564 0.992516 0.078471 105.350731 0.088687 -0.070195 0.993583 2.710923 0.000000 0.000000 0.000000 1.000000
0.992934 0.094662 -0.071569 20.044155 -0.089085 0.993007 0.077469 105.245323 0.078402 -0.070546 0.994423 2.631933 0.000000 0.000000 0.000000 1.000000
0.994553 0.086712 -0.057833 19.453215 -0.081902 0.993350 0.080924 105.165154 0.064466 -0.075747 0.995041 2.601858 0.000000 0.000000 0.000000 1.000000
0.996207 0.076971 -0.040573 18.834049 -0.073162 0.993411 0.088213 105.096657 0.047095 -0.084910 0.995275 2.626509 0.000000 0.000000 0.000000 1.000000
0.997494 0.066945 -0.022893 18.184793 -0.064433 0.993204 0.096921 105.031090 0.029226 -0.095203 0.995029 2.719280 0.000000 0.000000 0.000000 1.000000
0.998298 0.057299 -0.010879 17.475878 -0.055868 0.993044 0.103643 104.970261 0.016742 -0.102859 0.994555 2.859869 0.000000 0.000000 0.000000 1.000000
0.998816 0.047843 -0.008769 16.683887 -0.046661 0.993380 0.104971 104.922249 0.013733 -0.104437 0.994437 3.008040 0.000000 0.000000 0.000000 1.000000
0.999156 0.038221 -0.015033 15.799380 -0.036520 0.994257 0.100597 104.867744 0.018791 -0.099963 0.994814 3.115511 0.000000 0.000000 0.000000 1.000000
0.999285 0.028807 -0.024480 14.834940 -0.026384 0.995212 0.094112 104.801468 0.027074 -0.093399 0.995261 3.152124 0.000000 0.000000 0.000000 1.000000
0.999221 0.019433 -0.034338 13.793772 -0.016324 0.995931 0.088624 104.762863 0.035921 -0.087995 0.995473 3.124675 0.000000 0.000000 0.000000 1.000000
0.998857 0.009286 -0.046889 12.635682 -0.005339 0.996484 0.083610 104.806915 0.047500 -0.083264 0.995395 3.042005 0.000000 0.000000 0.000000 1.000000
0.997877 0.000121 -0.065131 11.321449 0.004987 0.996921 0.078258 104.967224 0.064940 -0.078417 0.994803 2.898339 0.000000 0.000000 0.000000 1.000000
0.996057 -0.004286 -0.088614 9.859832 0.010901 0.997177 0.074297 105.211395 0.088045 -0.074970 0.993291 2.661902 0.000000 0.000000 0.000000 1.000000
0.993537 -0.005002 -0.113396 8.299297 0.013246 0.997312 0.072064 105.382446 0.112731 -0.073100 0.990933 2.294135 0.000000 0.000000 0.000000 1.000000
0.991147 0.000854 -0.132767 6.812630 0.008226 0.997663 0.067827 105.238739 0.132515 -0.068319 0.988824 1.801194 0.000000 0.000000 0.000000 1.000000
0.989743 0.004746 -0.142780 5.407973 0.003665 0.998276 0.058587 105.010857 0.142812 -0.058509 0.988019 1.195523 0.000000 0.000000 0.000000 1.000000
0.989500 0.003627 -0.144489 4.075473 0.003088 0.998926 0.046224 104.798431 0.144501 -0.046185 0.988426 0.494746 0.000000 0.000000 0.000000 1.000000
0.989679 -0.002904 -0.143276 2.825162 0.007827 0.999398 0.033810 104.586594 0.143091 -0.034582 0.989105 -0.262192 0.000000 0.000000 0.000000 1.000000
0.989531 -0.012653 -0.143766 1.740880 0.015881 0.999646 0.021325 104.399673 0.143445 -0.023384 0.989382 -0.987764 0.000000 0.000000 0.000000 1.000000
0.988904 -0.023784 -0.146642 0.874857 0.025332 0.999641 0.008700 104.269875 0.146382 -0.012319 0.989151 -1.600646 0.000000 0.000000 0.000000 1.000000
0.988174 -0.034546 -0.149397 0.191443 0.034759 0.999395 -0.001187 104.227478 0.149348 -0.004019 0.988777 -2.057553 0.000000 0.000000 0.000000 1.000000
0.987912 -0.044676 -0.148437 -0.380302 0.044297 0.999001 -0.005861 104.279465 0.148551 -0.000785 0.988905 -2.379359 0.000000 0.000000 0.000000 1.000000
0.988437 -0.055776 -0.141002 -0.873969 0.055504 0.998441 -0.005864 104.457069 0.141110 -0.002030 0.989992 -2.625154 0.000000 0.000000 0.000000 1.000000
0.989587 -0.069548 -0.126020 -1.289662 0.069736 0.997561 -0.002928 104.776260 0.125916 -0.005890 0.992023 -2.833884 0.000000 0.000000 0.000000 1.000000
0.990689 -0.086399 -0.105216 -1.626910 0.087111 0.996196 0.002183 105.153015 0.104627 -0.011328 0.994447 -3.004084 0.000000 0.000000 0.000000 1.000000
0.990980 -0.103325 -0.085344 -1.922087 0.104532 0.994473 0.009784 105.396584 0.083861 -0.018617 0.996304 -3.085422 0.000000 0.000000 0.000000 1.000000
0.990330 -0.116503 -0.075326 -2.259564 0.118269 0.992792 0.019416 105.461006 0.072521 -0.028137 0.996970 -3.049001 0.000000 0.000000 0.000000 1.000000
0.988920 -0.126688 -0.077376 -2.663462 0.129121 0.991254 0.027267 105.148300 0.073245 -0.036956 0.996629 -2.913085 0.000000 0.000000 0.000000 1.000000
0.989445 -0.119427 -0.082077 -2.726409 0.121986 0.992168 0.026881 103.927063 0.078224 -0.036610 0.996263 -2.477812 0.000000 0.000000 0.000000 1.000000
