<?xml version="1.0" encoding="utf-8"?>
<COLLADA xmlns="http://www.collada.org/2005/11/COLLADASchema" version="1.4.1">
  <asset>
    <contributor>
      <author>Mixamo</author>
      <authoring_tool>COLLADA Mixamo exporter</authoring_tool>
      <comments/>
    </contributor>
    <created>2024-12-14T14:22:15Z</created>
    <modified>2024-12-14T14:22:15Z</modified>
    <revision/>
    <title/>
    <unit meter="0.010000"/>
    <up_axis>Y_UP</up_axis>
  </asset>
  <library_animations>
    <animation id="mixamorig_Hips-anim" name="mixamorig_Hips">
      <source id="mixamorig_Hips-Matrix-animation-input">
        <float_array id="mixamorig_Hips-Matrix-animation-input-array" count="39">

0.000000 0.033333 0.066667 0.100000 0.133333 0.166667 0.200000 0.233333 0.266667 0.300000 0.333333 0.366667 0.400000 0.433333 0.466667 0.500000
0.533333 0.566667 0.600000 0.633333 0.666667 0.700000 0.733333 0.766667 0.800000 0.833333 0.866667 0.900000 0.933333 0.966667 1.000000 1.033333
1.066667 1.100000 1.133333 1.166667 1.200000 1.233333 1.266667</float_array>
        <technique_common>
          <accessor source="#mixamorig_Hips-Matrix-animation-input-array" count="39">
            <param name="TIME" type="float"/>
          </accessor>
        </technique_common>
      </source>
      <source id="mixamorig_Hips-Matrix-animation-output-transform">
        <float_array id="mixamorig_Hips-Matrix-animation-output-transform-array" count="624">

0.941164 0.000777 -0.337950 -0.138065 -0.029679 0.996324 -0.080362 96.764404 0.336645 0.085664 0.937727 0.349388 0.000000 0.000000 0.000000 1.000000
0.949572 0.002606 -0.313538 0.076615 -0.032273 0.995467 -0.089467 96.764008 0.311883 0.095074 0.945352 0.636576 0.000000 0.000000 0.000000 1.000000
0.957898 0.005190 -0.287060 0.219162 -0.034856 0.994543 -0.098333 96.759163 0.284984 0.104199 0.952852 0.906359 0.000000 0.000000 0.000000 1.000000
0.965306 0.008223 -0.260991 0.320277 -0.037369 0.993566 -0.106908 96.720947 0.258433 0.112952 0.959403 1.148836 0.000000 0.000000 0.000000 1.000000
0.971309 0.012214 -0.237507 0.335325 -0.040469 0.992603 -0.114459 96.587021 0.234352 0.120787 0.964619 1.322757 0.000000 0.000000 0.000000 1.000000
0.975973 0.014616 -0.217401 0.310115 -0.041530 0.991935 -0.119753 96.287117 0.213897 0.125904 0.968709 1.339249 0.000000 0.000000 0.000000 1.000000
0.980056 0.014849 -0.198167 0.312790 -0.040268 0.991356 -0.124869 95.810806 0.194600 0.130358 0.972182 1.234670 0.000000 0.000000 0.000000 1.000000
0.982182 0.015746 -0.187273 0.298357 -0.041073 0.990380 -0.132140 95.173416 0.183391 0.137477 0.973380 1.086381 0.000000 0.000000 0.000000 1.000000
0.977829 0.017355 -0.208683 0.285376 -0.047497 0.988968 -0.140306 94.465515 0.203946 0.147108 0.967866 1.026783 0.000000 0.000000 0.000000 1.000000
0.956083 0.013785 -0.292772 0.379811 -0.058069 0.988002 -0.143111 93.849846 0.287286 0.153827 0.945412 1.255782 0.000000 0.000000 0.000000 1.000000
0.892121 -0.002372 -0.451789 0.659611 -0.065636 0.988697 -0.134800 93.517395 0.447003 0.149912 0.881882 1.955912 0.000000 0.000000 0.000000 1.000000
0.755613 -0.029413 -0.654358 1.063394 -0.063854 0.990925 -0.118277 93.543312 0.651899 0.131155 0.746878 3.151888 0.000000 0.000000 0.000000 1.000000
0.551775 -0.053932 -0.832247 1.459201 -0.055850 0.993277 -0.101396 93.797371 0.832121 0.102429 0.545053 4.634344 0.000000 0.000000 0.000000 1.000000
0.342385 -0.062415 -0.937484 1.836597 -0.051725 0.995026 -0.085137 93.908493 0.938135 0.077641 0.337454 6.037776 0.000000 0.000000 0.000000 1.000000
0.194702 -0.054117 -0.979368 2.370687 -0.058175 0.996082 -0.066606 93.603958 0.979136 0.069943 0.190791 7.035870 0.000000 0.000000 0.000000 1.000000
0.127511 -0.040311 -0.991018 3.175073 -0.072301 0.996138 -0.049822 93.212585 0.989198 0.078005 0.124104 7.396486 0.000000 0.000000 0.000000 1.000000
0.118025 -0.032507 -0.992478 4.313350 -0.091431 0.994863 -0.043458 92.902496 0.988792 0.095872 0.114447 7.277783 0.000000 0.000000 0.000000 1.000000
0.135750 -0.035700 -0.990100 5.505319 -0.105710 0.993124 -0.050303 92.804276 0.985088 0.111492 0.131042 6.931801 0.000000 0.000000 0.000000 1.000000
0.159987 -0.047184 -0.985991 6.419654 -0.108538 0.991960 -0.065081 92.953606 0.981134 0.117430 0.153580 6.594631 0.000000 0.000000 0.000000 1.000000
0.179792 -0.061749 -0.981765 6.947682 -0.101593 0.991526 -0.080968 93.151039 0.978445 0.114298 0.171995 6.396760 0.000000 0.000000 0.000000 1.000000
0.193797 -0.075772 -0.978111 7.128109 -0.088212 0.991628 -0.094297 93.421982 0.977068 0.104556 0.185491 6.247369 0.000000 0.000000 0.000000 1.000000
0.211366 -0.086246 -0.973594 7.017973 -0.072588 0.991963 -0.103632 93.859467 0.974708 0.092576 0.203407 5.972579 0.000000 0.000000 0.000000 1.000000
0.247085 -0.090417 -0.964766 6.611727 -0.057768 0.992492 -0.107810 94.490013 0.967270 0.082371 0.240007 5.425793 0.000000 0.000000 0.000000 1.000000
0.308720 -0.087911 -0.947082 5.900562 -0.045318 0.993229 -0.106966 95.257210 0.950073 0.075942 0.302646 4.581717 0.000000 0.000000 0.000000 1.000000
0.390755 -0.082004 -0.916835 4.935817 -0.034749 0.994000 -0.103716 96.087036 0.919839 0.072387 0.385561 3.544082 0.000000 0.000000 0.000000 1.000000
0.479747 -0.076970 -0.874024 3.803884 -0.024084 0.994614 -0.100809 96.944618 0.877076 0.069413 0.475310 2.464428 0.000000 0.000000 0.000000 1.000000
0.563685 -0.073848 -0.822682 2.599108 -0.013328 0.995052 -0.098453 97.807167 0.825882 0.066461 0.559912 1.482824 0.000000 0.000000 0.000000 1.000000
0.636264 -0.069651 -0.768321 1.431831 -0.005725 0.995462 -0.094983 98.568344 0.771450 0.064833 0.632978 0.702671 0.000000 0.000000 0.000000 1.000000
0.695792 -0.060448 -0.715695 0.449255 -0.005021 0.996019 -0.089005 99.001579 0.718226 0.065522 0.692718 0.181517 0.000000 0.000000 0.000000 1.000000
0.743618 -0.046776 -0.666967 -0.279254 -0.009488 0.996711 -0.080481 99.086800 0.668537 0.066175 0.740728 -0.140580 0.000000 0.000000 0.000000 1.000000
0.783564 -0.031149 -0.620530 -0.728006 -0.016375 0.997360 -0.070741 98.804192 0.621096 0.065591 0.780985 -0.325123 0.000000 0.000000 0.000000 1.000000
0.820925 -0.018689 -0.570730 -1.019557 -0.020177 0.997891 -0.061699 98.361572 0.570679 0.062166 0.818817 -0.471728 0.000000 0.000000 0.000000 1.000000
0.858257 -0.010391 -0.513116 -1.293000 -0.020556 0.998297 -0.054600 97.918892 0.512809 0.057408 0.856581 -0.605157 0.000000 0.000000 0.000000 1.000000
0.892127 -0.004428 -0.451762 -1.567206 -0.020367 0.998541 -0.050007 97.575317 0.451325 0.053814 0.890736 -0.677559 0.000000 0.000000 0.000000 1.000000
0.916191 0.000245 -0.400741 -1.696053 -0.021703 0.998563 -0.049007 97.332130 0.400153 0.053597 0.914880 -0.631171 0.000000 0.000000 0.000000 1.000000
0.927448 0.002296 -0.373945 -1.473054 -0.023831 0.998311 -0.052977 97.122482 0.373192 0.058045 0.925937 -0.458552 0.000000 0.000000 0.000000 1.000000
0.928285 0.000062 -0.371870 -0.839261 -0.024869 0.997772 -0.061913 96.888512 0.371038 0.066721 0.926218 -0.213264 0.000000 0.000000 0.000000 1.000000
0.933795 -0.000057 -0.357808 -0.443104 -0.027201 0.997095 -0.071148 96.799065 0.356773 0.076170 0.931081 0.062055 0.000000 0.000000 0.000000 1.000000
0.941164 0.000777 -0.337950 -0.138065 -0.029679 0.996324 -0.080362 96.764404 0.336645 0.085664 0.937727 0.349388 0.000000 0.000000 0.000000 1.000000</float_array>
        <technique_common>
          <accessor source="#mixamorig_Hips-Matrix-animation-output-transform-array" count="39" stride="16">
            <param type="float4x4"/>
          </accessor>
        </technique_common>
      </source>
      <source id="mixamorig_Hips-Interpolations">
        <Name_array id="mixamorig_Hips-Interpolations-array" count="39">
 LINEAR LINEAR LINEAR LINEAR LINEAR LINEAR LINEAR LINEAR LINEAR LINEAR LINEAR
LINEAR LINEAR LINEAR LINEAR LINEAR LINEAR LINEAR LINEAR LINEAR LINEAR LINEAR LINEAR
LINEAR LINEAR LINEAR LINEAR LINEAR LINEAR LINEAR LINEAR LINEAR LINEAR LINEAR LINEAR
LINEAR LINEAR LINEAR LINEAR</Name_array>
        <technique_common>
          <accessor source="#mixamorig_Hips-Interpolations-array" count="39">
            <param type="name"/>
          </accessor>
        </technique_common>
      </source>
      <sampler id="mixamorig_Hips-Matrix-animation-transform">
        <input semantic="INPUT" source="#mixamorig_Hips-Matrix-animation-input"/>
        <input semantic="OUTPUT" source="#mixamorig_Hips-Matrix-animation-output-transform"/>
        <input semantic="INTERPOLATION" source="#mixamorig_Hips-Interpolations"/>
      </sampler>
      <channel source="#mixamorig_Hips-Matrix-animation-transform" target="mixamorig_Hips/matrix"/>
    </animation>
    <animation id="mixamorig_Spine-anim" name="mixamorig_Spine">
      <source id="mixamorig_Spine-Matrix-animation-input">
        <float_array id="mixamorig_Spine-Matrix-animation-input-array" count="39">

0.000000 0.033333 0.066667 0.100000 0.133333 0.166667 0.200000 0.233333 0.266667 0.300000 0.333333 0.366667 0.400000 0.433333 0.466667 0.500000
0.533333 0.566667 0.600000 0.633333 0.666667 0.700000 0.733333 0.766667 0.800000 0.833333 0.866667 0.900000 0.933333 0.966667 1.000000 1.033333
1.066667 1.100000 1.133333 1.166667 1.200000 1.233333 1.266667</float_array>
        <technique_common>
          <accessor source="#mixamorig_Spine-Matrix-animation-input-array" count="39">
            <param name="TIME" type="float"/>
          </accessor>
        </technique_common>
      </source>
      <source id="mixamorig_Spine-Matrix-animation-output-transform">
        <float_array id="mixamorig_Spine-Matrix-animation-output-transform-array" count="624">

0.997278 -0.070460 -0.021724 -0.038100 0.073449 0.975178 0.208887 9.490500 0.006467 -0.209914 0.977698 -1.392100 0.000000 0.000000 0.000000 1.000000
0.997402 -0.068643 -0.021835 -0.038100 0.071699 0.975210 0.209346 9.490500 0.006924 -0.210368 0.977598 -1.392100 0.000000 0.000000 0.000000 1.000000
0.997501 -0.067177 -0.021897 -0.038100 0.070285 0.975113 0.210272 9.490500 0.007226 -0.211285 0.977398 -1.392100 0.000000 0.000000 0.000000 1.000000
0.997575 -0.066103 -0.021795 -0.038100 0.069225 0.974865 0.211770 9.490500 0.007248 -0.212765 0.977077 -1.392100 0.000000 0.000000 0.000000 1.000000
0.997588 -0.066081 -0.021256 -0.038100 0.069109 0.974221 0.214748 9.490500 0.006517 -0.215699 0.976438 -1.392100 0.000000 0.000000 0.000000 1.000000
0.997567 -0.066713 -0.020226 -0.038100 0.069523 0.973398 0.218320 9.490500 0.005123 -0.219195 0.975668 -1.392100 0.000000 0.000000 0.000000 1.000000
0.997580 -0.066936 -0.018834 -0.038100 0.069439 0.973206 0.219197 9.490500 0.003657 -0.219974 0.975499 -1.392100 0.000000 0.000000 0.000000 1.000000
0.997641 -0.066937 -0.015242 -0.038100 0.068650 0.973678 0.217345 9.490500 0.000293 -0.217878 0.975976 -1.392100 0.000000 0.000000 0.000000 1.000000
0.997643 -0.068211 -0.007518 -0.038100 0.068240 0.974503 0.213747 9.490500 -0.007253 -0.213756 0.976860 -1.392100 0.000000 0.000000 0.000000 1.000000
0.997398 -0.071941 0.004720 -0.038100 0.069369 0.975455 0.208988 9.490500 -0.019638 -0.208117 0.977907 -1.392100 0.000000 0.000000 0.000000 1.000000
0.996918 -0.075986 0.019495 -0.038100 0.070485 0.976723 0.202592 9.490500 -0.034435 -0.200594 0.979069 -1.392100 0.000000 0.000000 0.000000 1.000000
0.996554 -0.075896 0.033473 -0.038100 0.068010 0.978621 0.194100 9.490500 -0.047489 -0.191154 0.980411 -1.392100 0.000000 0.000000 0.000000 1.000000
0.996713 -0.068216 0.043690 -0.038100 0.059046 0.981021 0.184694 9.490500 -0.055460 -0.181507 0.981824 -1.392100 0.000000 0.000000 0.000000 1.000000
0.997388 -0.053853 0.048141 -0.038100 0.044520 0.983129 0.177411 9.490500 -0.056883 -0.174804 0.982959 -1.392100 0.000000 0.000000 0.000000 1.000000
0.998289 -0.036745 0.045488 -0.038100 0.028265 0.984210 0.174734 9.490500 -0.051190 -0.173149 0.983564 -1.392100 0.000000 0.000000 0.000000 1.000000
0.999232 -0.015787 0.035850 -0.038100 0.009228 0.984301 0.176257 9.490500 -0.038070 -0.175791 0.983691 -1.392100 0.000000 0.000000 0.000000 1.000000
0.999786 0.004390 0.020222 -0.038100 -0.007949 0.983731 0.179472 9.490500 -0.019105 -0.179594 0.983555 -1.392100 0.000000 0.000000 0.000000 1.000000
0.999777 0.021085 0.001487 -0.038100 -0.021004 0.983109 0.181814 9.490500 0.002372 -0.181805 0.983332 -1.392100 0.000000 0.000000 0.000000 1.000000
0.999423 0.029970 -0.015964 -0.038100 -0.026561 0.982873 0.182359 9.490500 0.021156 -0.181830 0.983102 -1.392100 0.000000 0.000000 0.000000 1.000000
0.999250 0.027295 -0.027457 -0.038100 -0.021858 0.983092 0.181803 9.490500 0.031955 -0.181066 0.982952 -1.392100 0.000000 0.000000 0.000000 1.000000
0.999393 0.016528 -0.030651 -0.038100 -0.010692 0.983308 0.181635 9.490500 0.033141 -0.181197 0.982888 -1.392100 0.000000 0.000000 0.000000 1.000000
0.999618 0.003328 -0.027441 -0.038100 0.001748 0.983125 0.182927 9.490500 0.027586 -0.182905 0.982744 -1.392100 0.000000 0.000000 0.000000 1.000000
0.999713 -0.008219 -0.022508 -0.038100 0.012261 0.982517 0.185771 9.490500 0.020587 -0.185993 0.982335 -1.392100 0.000000 0.000000 0.000000 1.000000
0.999650 -0.017671 -0.019677 -0.038100 0.021085 0.981630 0.189628 9.490500 0.015965 -0.189977 0.981659 -1.392100 0.000000 0.000000 0.000000 1.000000
0.999473 -0.026049 -0.019346 -0.038100 0.029310 0.980579 0.193924 9.490500 0.013918 -0.194389 0.980826 -1.392100 0.000000 0.000000 0.000000 1.000000
0.999256 -0.033287 -0.019476 -0.038100 0.036492 0.979472 0.198251 9.490500 0.012477 -0.198815 0.979958 -1.392100 0.000000 0.000000 0.000000 1.000000
0.999078 -0.038862 -0.018246 -0.038100 0.041755 0.978416 0.202382 9.490500 0.009988 -0.202958 0.979137 -1.392100 0.000000 0.000000 0.000000 1.000000
0.998946 -0.043189 -0.015526 -0.038100 0.045464 0.977464 0.206146 9.490500 0.006273 -0.206635 0.978398 -1.392100 0.000000 0.000000 0.000000 1.000000
0.998754 -0.048330 -0.012464 -0.038100 0.049869 0.976599 0.209205 9.490500 0.002061 -0.209566 0.977792 -1.392100 0.000000 0.000000 0.000000 1.000000
0.998471 -0.054318 -0.010298 -0.038100 0.055267 0.975903 0.211090 9.490500 -0.001416 -0.211336 0.977412 -1.392100 0.000000 0.000000 0.000000 1.000000
0.998019 -0.062097 -0.010052 -0.038100 0.062818 0.975357 0.211502 9.490500 -0.003329 -0.211715 0.977326 -1.392100 0.000000 0.000000 0.000000 1.000000
0.997587 -0.068406 -0.011883 -0.038100 0.069372 0.975074 0.210755 9.490500 -0.002830 -0.211071 0.977467 -1.392100 0.000000 0.000000 0.000000 1.000000
0.997257 -0.072418 -0.015333 -0.038100 0.074023 0.974967 0.209668 9.490500 -0.000235 -0.210227 0.977652 -1.392100 0.000000 0.000000 0.000000 1.000000
0.997019 -0.074746 -0.019132 -0.038100 0.077097 0.974878 0.208972 9.490500 0.003032 -0.209824 0.977734 -1.392100 0.000000 0.000000 0.000000 1.000000
0.996865 -0.076067 -0.021769 -0.038100 0.078940 0.974769 0.208790 9.490500 0.005338 -0.209854 0.977718 -1.392100 0.000000 0.000000 0.000000 1.000000
0.996840 -0.076167 -0.022558 -0.038100 0.079203 0.974765 0.208713 9.490500 0.006092 -0.209840 0.977717 -1.392100 0.000000 0.000000 0.000000 1.000000
0.996980 -0.074475 -0.021997 -0.038100 0.077429 0.974980 0.208371 9.490500 0.005929 -0.209445 0.977802 -1.392100 0.000000 0.000000 0.000000 1.000000
0.997132 -0.072491 -0.021752 -0.038100 0.075439 0.975082 0.208625 9.490500 0.006087 -0.209667 0.977754 -1.392100 0.000000 0.000000 0.000000 1.000000
0.997278 -0.070460 -0.021724 -0.038100 0.073449 0.975178 0.208887 9.490500 0.006467 -0.209914 0.977698 -1.392100 0.000000 0.000000 0.000000 1.000000</float_array>
        <technique_common>
          <accessor source="#mixamorig_Spine-Matrix-animation-output-transform-array" count="39" stride="16">
            <param type="float4x4"/>
          </accessor>
        </technique_common>
      </source>
      <source id="mixamorig_Spine-Interpolations">
        <Name_array id="mixamorig_Spine-Interpolations-array" count="39">
 LINEAR LINEAR LINEAR LINEAR LINEAR LINEAR LINEAR LINEAR LINEAR LINEAR LINEAR
LINEAR LINEAR LINEAR LINEAR LINEAR LINEAR LINEAR LINEAR LINEAR LINEAR LINEAR LINEAR
LINEAR LINEAR LINEAR LINEAR LINEAR LINEAR LINEAR LINEAR LINEAR LINEAR LINEAR LINEAR
LINEAR LINEAR LINEAR LINEAR</Name_array>
        <technique_common>
          <accessor source="#mixamorig_Spine-Interpolations-array" count="39">
            <param type="name"/>
          </accessor>
        </technique_common>
      </source>
      <sampler id="mixamorig_Spine-Matrix-animation-transform">
        <input semantic="INPUT" source="#mixamorig_Spine-Matrix-animation-input"/>
        <input semantic="OUTPUT" source="#mixamorig_Spine-Matrix-animation-output-transform"/>
        <input semantic="INTERPOLATION" source="#mixamorig_Spine-Interpolations"/>
      </sampler>
      <channel source="#mixamorig_Spine-Matrix-animation-transform" target="mixamorig_Spine/matrix"/>
    </animation>
    <animation id="mixamorig_Spine1-anim" name="mixamorig_Spine1">
      <source id="mixamorig_Spine1-Matrix-animation-input">
        <float_array id="mixamorig_Spine1-Matrix-animation-input-array" count="39">

0.000000 0.033333 0.066667 0.100000 0.133333 0.166667 0.200000 0.233333 0.266667 0.300000 0.333333 0.366667 0.400000 0.433333 0.466667 0.500000
0.533333 0.566667 0.600000 0.633333 0.666667 0.700000 0.733333 0.766667 0.800000 0.833333 0.866667 0.900000 0.933333 0.966667 1.000000 1.033333
1.066667 1.100000 1.133333 1.166667 1.200000 1.233333 1.266667</float_array>
        <technique_common>
          <accessor source="#mixamorig_Spine1-Matrix-animation-input-array" count="39">
            <param name="TIME" type="float"/>
          </accessor>
        </technique_common>
      </source>
      <source id="mixamorig_Spine1-Matrix-animation-output-transform">
        <float_array id="mixamorig_Spine1-Matrix-animation-output-transform-array" count="624">

0.998421 -0.046852 -0.031004 0.000000 0.047997 0.998152 0.037269 11.190800 0.029200 -0.038698 0.998824 0.000000 0.000000 0.000000 0.000000 1.000000
0.998479 -0.045120 -0.031690 0.000000 0.046334 0.998177 0.038687 11.190800 0.029887 -0.040096 0.998749 -0.000000 0.000000 0.000000 0.000000 1.000000
0.998548 -0.043215 -0.032169 0.000000 0.044511 0.998178 0.040747 11.190800 0.030349 -0.042119 0.998652 0.000000 0.000000 0.000000 0.000000 1.000000
0.998631 -0.041271 -0.032127 -0.000000 0.042650 0.998142 0.043505 11.190800 0.030271 -0.044816 0.998537 -0.000000 0.000000 0.000000 0.000000 1.000000
0.998760 -0.039223 -0.030652 0.000000 0.040671 0.998012 0.048136 11.190800 0.028703 -0.049323 0.998370 0.000000 0.000000 0.000000 0.000000 1.000000
0.998944 -0.035971 -0.028590 0.000000 0.037401 0.997989 0.051170 11.190800 0.026692 -0.052185 0.998281 0.000000 0.000000 0.000000 0.000000 1.000000
0.999165 -0.032181 -0.025172 -0.000000 0.033403 0.998203 0.049754 11.190800 0.023526 -0.050554 0.998444 0.000000 0.000000 0.000000 0.000000 1.000000
0.999405 -0.030018 -0.017008 0.000000 0.030752 0.998527 0.044704 11.190800 0.015641 -0.045201 0.998855 -0.000000 0.000000 0.000000 0.000000 1.000000
0.999502 -0.031520 -0.001196 0.000000 0.031543 0.998760 0.038524 11.190800 -0.000020 -0.038542 0.999257 0.000000 0.000000 0.000000 0.000000 1.000000
0.999075 -0.037056 0.021796 0.000000 0.036315 0.998780 0.033457 11.190800 -0.023009 -0.032634 0.999202 -0.000000 0.000000 0.000000 0.000000 1.000000
0.997866 -0.045061 0.047250 -0.000000 0.043678 0.998598 0.029896 11.190800 -0.048531 -0.027768 0.998436 0.000000 0.000000 0.000000 0.000000 1.000000
0.996265 -0.052584 0.068488 0.000000 0.050867 0.998352 0.026573 11.190800 -0.069773 -0.022990 0.997298 0.000000 0.000000 0.000000 0.000000 1.000000
0.995232 -0.055390 0.080277 0.000000 0.053759 0.998304 0.022335 11.190800 -0.081378 -0.017913 0.996522 0.000000 0.000000 0.000000 0.000000 1.000000
0.995571 -0.049595 0.079866 -0.000000 0.048315 0.998672 0.017875 11.190800 -0.080646 -0.013937 0.996645 0.000000 0.000000 0.000000 0.000000 1.000000
0.997206 -0.035065 0.065954 -0.000000 0.034144 0.999304 0.015028 11.190800 -0.066435 -0.012734 0.997709 0.000000 0.000000 0.000000 0.000000 1.000000
0.999102 -0.016896 0.038866 0.000000 0.016348 0.999763 0.014355 11.190800 -0.039099 -0.013707 0.999141 0.000000 0.000000 0.000000 0.000000 1.000000
0.999992 -0.003393 0.002326 -0.000000 0.003360 0.999899 0.013838 11.190800 -0.002373 -0.013830 0.999902 -0.000000 0.000000 0.000000 0.000000 1.000000
0.999357 0.000382 -0.035860 -0.000000 0.000016 0.999938 0.011107 11.190800 0.035862 -0.011100 0.999295 -0.000000 0.000000 0.000000 0.000000 1.000000
0.997776 -0.003903 -0.066545 -0.000000 0.004349 0.999969 0.006557 11.190800 0.066518 -0.006832 0.997762 0.000000 0.000000 0.000000 0.000000 1.000000
0.996456 -0.010302 -0.083480 0.000000 0.010598 0.999939 0.003103 11.190800 0.083443 -0.003976 0.996505 0.000000 0.000000 0.000000 0.000000 1.000000
0.996199 -0.014759 -0.085845 0.000000 0.015046 0.999883 0.002692 11.190800 0.085796 -0.003973 0.996305 -0.000000 0.000000 0.000000 0.000000 1.000000
0.996797 -0.018379 -0.077830 0.000000 0.018798 0.999812 0.004650 11.190800 0.077730 -0.006099 0.996956 -0.000000 0.000000 0.000000 0.000000 1.000000
0.997518 -0.024266 -0.066092 0.000000 0.024824 0.999663 0.007642 11.190800 0.065885 -0.009264 0.997784 -0.000000 0.000000 0.000000 0.000000 1.000000
0.997882 -0.032676 -0.056256 0.000000 0.033367 0.999378 0.011383 11.190800 0.055849 -0.013236 0.998351 -0.000000 0.000000 0.000000 0.000000 1.000000
0.997924 -0.040454 -0.050104 -0.000000 0.041313 0.999014 0.016229 11.190800 0.049398 -0.018265 0.998612 0.000000 0.000000 0.000000 0.000000 1.000000
0.997940 -0.045074 -0.045645 0.000000 0.046124 0.998689 0.022212 11.190800 0.044584 -0.024272 0.998711 -0.000000 0.000000 0.000000 0.000000 1.000000
0.998070 -0.047420 -0.040091 0.000000 0.048593 0.998403 0.028801 11.190800 0.038661 -0.030694 0.998781 0.000000 0.000000 0.000000 0.000000 1.000000
0.998210 -0.050040 -0.032759 -0.000000 0.051186 0.998071 0.035134 11.190800 0.030937 -0.036748 0.998846 0.000000 0.000000 0.000000 0.000000 1.000000
0.998226 -0.053917 -0.025267 -0.000000 0.054907 0.997680 0.040248 11.190800 0.023038 -0.041564 0.998870 0.000000 0.000000 0.000000 0.000000 1.000000
0.998144 -0.057618 -0.019730 0.000000 0.058428 0.997354 0.043254 11.190800 0.017185 -0.044326 0.998869 0.000000 0.000000 0.000000 0.000000 1.000000
0.998099 -0.059090 -0.017492 -0.000000 0.059806 0.997253 0.043692 11.190800 0.014862 -0.044655 0.998892 0.000000 0.000000 0.000000 0.000000 1.000000
0.998163 -0.057550 -0.018946 0.000000 0.058304 0.997416 0.041985 11.190800 0.016481 -0.043013 0.998939 -0.000000 0.000000 0.000000 0.000000 1.000000
0.998261 -0.054156 -0.023282 0.000000 0.055045 0.997706 0.039395 11.190800 0.021095 -0.040608 0.998952 0.000000 0.000000 0.000000 0.000000 1.000000
0.998303 -0.050910 -0.028261 -0.000000 0.051947 0.997955 0.037244 11.190800 0.026307 -0.038649 0.998906 0.000000 0.000000 0.000000 0.000000 1.000000
0.998292 -0.049262 -0.031391 -0.000000 0.050386 0.998077 0.036093 11.190800 0.029553 -0.037613 0.998855 0.000000 0.000000 0.000000 0.000000 1.000000
0.998286 -0.049127 -0.031798 0.000000 0.050254 0.998099 0.035665 11.190800 0.029986 -0.037202 0.998858 0.000000 0.000000 0.000000 0.000000 1.000000
0.998315 -0.049299 -0.030595 0.000000 0.050375 0.998101 0.035448 11.190800 0.028789 -0.036930 0.998903 0.000000 0.000000 0.000000 0.000000 1.000000
0.998367 -0.048273 -0.030537 0.000000 0.049371 0.998122 0.036269 11.190800 0.028728 -0.037717 0.998875 0.000000 0.000000 0.000000 0.000000 1.000000
0.998421 -0.046852 -0.031004 0.000000 0.047997 0.998152 0.037269 11.190800 0.029200 -0.038698 0.998824 0.000000 0.000000 0.000000 0.000000 1.000000</float_array>
        <technique_common>
          <accessor source="#mixamorig_Spine1-Matrix-animation-output-transform-array" count="39" stride="16">
            <param type="float4x4"/>
          </accessor>
        </technique_common>
      </source>
      <source id="mixamorig_Spine1-Interpolations">
        <Name_array id="mixamorig_Spine1-Interpolations-array" count="39">
 LINEAR LINEAR LINEAR LINEAR LINEAR LINEAR LINEAR LINEAR LINEAR LINEAR LINEAR
LINEAR LINEAR LINEAR LINEAR LINEAR LINEAR LINEAR LINEAR LINEAR LINEAR LINEAR LINEAR
LINEAR LINEAR LINEAR LINEAR LINEAR LINEAR LINEAR LINEAR LINEAR LINEAR LINEAR LINEAR
LINEAR LINEAR LINEAR LINEAR</Name_array>
        <technique_common>
          <accessor source="#mixamorig_Spine1-Interpolations-array" count="39">
            <param type="name"/>
          </accessor>
        </technique_common>
      </source>
      <sampler id="mixamorig_Spine1-Matrix-animation-transform">
        <input semantic="INPUT" source="#mixamorig_Spine1-Matrix-animation-input"/>
        <input semantic="OUTPUT" source="#mixamorig_Spine1-Matrix-animation-output-transform"/>
        <input semantic="INTERPOLATION" source="#mixamorig_Spine1-Interpolations"/>
      </sampler>
      <channel source="#mixamorig_Spine1-Matrix-animation-transform" target="mixamorig_Spine1/matrix"/>
    </animation>
    <animation id="mixamorig_Spine2-anim" name="mixamorig_Spine2">
      <source id="mixamorig_Spine2-Matrix-animation-input">
        <float_array id="mixamorig_Spine2-Matrix-animation-input-array" count="39">

0.000000 0.033333 0.066667 0.100000 0.133333 0.166667 0.200000 0.233333 0.266667 0.300000 0.333333 0.366667 0.400000 0.433333 0.466667 0.500000
0.533333 0.566667 0.600000 0.633333 0.666667 0.700000 0.733333 0.766667 0.800000 0.833333 0.866667 0.900000 0.933333 0.966667 1.000000 1.033333
1.066667 1.100000 1.133333 1.166667 1.200000 1.233333 1.266667</float_array>
        <technique_common>
          <accessor source="#mixamorig_Spine2-Matrix-animation-input-array" count="39">
            <param name="TIME" type="float"/>
          </accessor>
        </technique_common>
      </source>
      <source id="mixamorig_Spine2-Matrix-animation-output-transform">
        <float_array id="mixamorig_Spine2-Matrix-animation-output-transform-array" count="624">

0.998651 -0.047225 -0.021585 -0.000000 0.044687 0.993372 -0.105899 12.789500 0.026443 0.104792 0.994143 0.000000 0.000000 0.000000 0.000000 1.000000
0.998702 -0.045616 -0.022652 0.000000 0.043010 0.993584 -0.104604 12.789500 0.027278 0.103494 0.994256 0.000000 0.000000 0.000000 0.000000 1.000000
0.998766 -0.043734 -0.023552 0.000000 0.041099 0.993868 -0.102648 12.789500 0.027897 0.101553 0.994439 -0.000000 0.000000 0.000000 0.000000 1.000000
0.998847 -0.041621 -0.023939 0.000000 0.039033 0.994226 -0.099954 12.789500 0.027961 0.098904 0.994704 -0.000000 0.000000 0.000000 0.000000 1.000000
0.998980 -0.038883 -0.022946 -0.000000 0.036530 0.994777 -0.095314 12.789500 0.026532 0.094379 0.995183 0.000000 0.000000 0.000000 0.000000 1.000000
0.999152 -0.035106 -0.021531 0.000000 0.032976 0.995178 -0.092376 12.789500 0.024670 0.091587 0.995491 0.000000 0.000000 0.000000 0.000000 1.000000
0.999349 -0.030751 -0.018855 -0.000000 0.028850 0.995159 -0.093946 12.789500 0.021652 0.093341 0.995399 -0.000000 0.000000 0.000000 0.000000 1.000000
0.999570 -0.027095 -0.011180 -0.000000 0.025856 0.994744 -0.099075 12.789500 0.013806 0.098743 0.995017 -0.000000 0.000000 0.000000 0.000000 1.000000
0.999668 -0.025356 0.004661 -0.000000 0.025706 0.994131 -0.105081 12.789500 -0.001969 0.105166 0.994453 0.000000 0.000000 0.000000 0.000000 1.000000
0.999265 -0.025996 0.028177 0.000000 0.028937 0.993557 -0.109575 12.789500 -0.025147 0.110310 0.993579 0.000000 0.000000 0.000000 0.000000 1.000000
0.998108 -0.028662 0.054404 -0.000000 0.034628 0.993095 -0.112084 12.789500 -0.050816 0.113756 0.992208 0.000000 0.000000 0.000000 0.000000 1.000000
0.996569 -0.032078 0.076291 0.000000 0.040680 0.992647 -0.114003 12.789500 -0.072073 0.116716 0.990547 0.000000 0.000000 0.000000 0.000000 1.000000
0.995564 -0.033199 0.088033 0.000000 0.043438 0.992172 -0.117080 12.789500 -0.083457 0.120385 0.989213 0.000000 0.000000 0.000000 0.000000 1.000000
0.995861 -0.028453 0.086320 0.000000 0.038868 0.991833 -0.121479 12.789500 -0.082159 0.124331 0.988834 0.000000 0.000000 0.000000 0.000000 1.000000
0.997401 -0.017466 0.069898 0.000000 0.026175 0.991725 -0.125687 12.789500 -0.067125 0.127190 0.989604 0.000000 0.000000 0.000000 0.000000 1.000000
0.999186 -0.004947 0.040045 0.000000 0.010058 0.991663 -0.128462 12.789500 -0.039076 0.128760 0.990906 0.000000 0.000000 0.000000 0.000000 1.000000
0.999997 0.001371 0.001916 0.000000 -0.001109 0.991430 -0.130632 12.789500 -0.002079 0.130629 0.991429 0.000000 0.000000 0.000000 0.000000 1.000000
0.999350 -0.002447 -0.035970 0.000000 -0.002394 0.990989 -0.133920 12.789500 0.035974 0.133919 0.990339 -0.000000 0.000000 0.000000 0.000000 1.000000
0.997796 -0.013084 -0.065050 -0.000000 0.003975 0.990393 -0.138227 12.789500 0.066234 0.137663 0.988262 -0.000000 0.000000 0.000000 0.000000 1.000000
0.996498 -0.023130 -0.080354 0.000000 0.011577 0.989888 -0.141377 12.789500 0.082811 0.139952 0.986689 0.000000 0.000000 0.000000 0.000000 1.000000
0.996253 -0.028102 -0.081795 -0.000000 0.016275 0.989758 -0.141824 12.789500 0.084943 0.139961 0.986507 -0.000000 0.000000 0.000000 0.000000 1.000000
0.996869 -0.029926 -0.073189 0.000000 0.019438 0.989957 -0.140028 12.789500 0.076645 0.138167 0.987439 0.000000 0.000000 0.000000 0.000000 1.000000
0.997620 -0.033197 -0.060434 0.000000 0.024656 0.990271 -0.136952 12.789500 0.064393 0.135136 0.988732 -0.000000 0.000000 0.000000 0.000000 1.000000
0.998019 -0.039403 -0.049044 -0.000000 0.032581 0.990600 -0.132853 12.789500 0.053817 0.130992 0.989922 0.000000 0.000000 0.000000 0.000000 1.000000
0.998094 -0.045724 -0.041453 0.000000 0.040097 0.991007 -0.127665 12.789500 0.046918 0.125759 0.990951 0.000000 0.000000 0.000000 0.000000 1.000000
0.998132 -0.049173 -0.036244 0.000000 0.044437 0.991591 -0.121542 12.789500 0.041915 0.119704 0.991924 0.000000 0.000000 0.000000 0.000000 1.000000
0.998282 -0.050036 -0.030471 0.000000 0.046230 0.992303 -0.114881 12.789500 0.035985 0.113275 0.992912 -0.000000 0.000000 0.000000 0.000000 1.000000
0.998450 -0.050734 -0.022880 0.000000 0.047973 0.992960 -0.108301 12.789500 0.028214 0.107035 0.993855 0.000000 0.000000 0.000000 0.000000 1.000000
0.998504 -0.052638 -0.014803 0.000000 0.050847 0.993411 -0.102712 12.789500 0.020112 0.101806 0.994601 0.000000 0.000000 0.000000 0.000000 1.000000
0.998457 -0.054860 -0.008601 0.000000 0.053739 0.993616 -0.099192 12.789500 0.013988 0.098577 0.995031 0.000000 0.000000 0.000000 0.000000 1.000000
0.998427 -0.055738 -0.006052 0.000000 0.054874 0.993628 -0.098451 12.789500 0.011501 0.097964 0.995123 0.000000 0.000000 0.000000 0.000000 1.000000
0.998477 -0.054618 -0.007729 0.000000 0.053571 0.993525 -0.100192 12.789500 0.013152 0.099626 0.994938 -0.000000 0.000000 0.000000 0.000000 1.000000
0.998546 -0.052413 -0.012616 0.000000 0.050839 0.993373 -0.103076 12.789500 0.017935 0.102284 0.994594 0.000000 0.000000 0.000000 0.000000 1.000000
0.998560 -0.050502 -0.018102 -0.000000 0.048319 0.993238 -0.105567 12.789500 0.023311 0.104540 0.994247 0.000000 0.000000 0.000000 0.000000 1.000000
0.998534 -0.049689 -0.021452 0.000000 0.047125 0.993151 -0.106913 12.789500 0.026617 0.105745 0.994037 0.000000 0.000000 0.000000 0.000000 1.000000
0.998526 -0.049687 -0.021842 -0.000000 0.047069 0.993105 -0.107359 12.789500 0.027026 0.106173 0.993980 0.000000 0.000000 0.000000 0.000000 1.000000
0.998557 -0.049589 -0.020625 -0.000000 0.047096 0.993085 -0.107532 12.789500 0.025815 0.106406 0.993988 0.000000 0.000000 0.000000 0.000000 1.000000
0.998604 -0.048543 -0.020804 -0.000000 0.046057 0.993215 -0.106786 12.789500 0.025846 0.105679 0.994064 0.000000 0.000000 0.000000 0.000000 1.000000
0.998651 -0.047225 -0.021585 -0.000000 0.044687 0.993372 -0.105899 12.789500 0.026443 0.104792 0.994143 0.000000 0.000000 0.000000 0.000000 1.000000</float_array>
        <technique_common>
          <accessor source="#mixamorig_Spine2-Matrix-animation-output-transform-array" count="39" stride="16">
            <param type="float4x4"/>
          </accessor>
        </technique_common>
      </source>
      <source id="mixamorig_Spine2-Interpolations">
        <Name_array id="mixamorig_Spine2-Interpolations-array" count="39">
 LINEAR LINEAR LINEAR LINEAR LINEAR LINEAR LINEAR LINEAR LINEAR LINEAR LINEAR
LINEAR LINEAR LINEAR LINEAR LINEAR LINEAR LINEAR LINEAR LINEAR LINEAR LINEAR LINEAR
LINEAR LINEAR LINEAR LINEAR LINEAR LINEAR LINEAR LINEAR LINEAR LINEAR LINEAR LINEAR
LINEAR LINEAR LINEAR LINEAR</Name_array>
        <technique_common>
          <accessor source="#mixamorig_Spine2-Interpolations-array" count="39">
            <param type="name"/>
          </accessor>
        </technique_common>
      </source>
      <sampler id="mixamorig_Spine2-Matrix-animation-transform">
        <input semantic="INPUT" source="#mixamorig_Spine2-Matrix-animation-input"/>
        <input semantic="OUTPUT" source="#mixamorig_Spine2-Matrix-animation-output-transform"/>
        <input semantic="INTERPOLATION" source="#mixamorig_Spine2-Interpolations"/>
      </sampler>
      <channel source="#mixamorig_Spine2-Matrix-animation-transform" target="mixamorig_Spine2/matrix"/>
    </animation>
    <animation id="mixamorig_Neck-anim" name="mixamorig_Neck">
      <source id="mixamorig_Neck-Matrix-animation-input">
        <float_array id="mixamorig_Neck-Matrix-animation-input-array" count="39">

0.000000 0.033333 0.066667 0.100000 0.133333 0.166667 0.200000 0.233333 0.266667 0.300000 0.333333 0.366667 0.400000 0.433333 0.466667 0.500000
0.533333 0.566667 0.600000 0.633333 0.666667 0.700000 0.733333 0.766667 0.800000 0.833333 0.866667 0.900000 0.933333 0.966667 1.000000 1.033333
1.066667 1.100000 1.133333 1.166667 1.200000 1.233333 1.266667</float_array>
        <technique_common>
          <accessor source="#mixamorig_Neck-Matrix-animation-input-array" count="39">
            <param name="TIME" type="float"/>
          </accessor>
        </technique_common>
      </source>
      <source id="mixamorig_Neck-Matrix-animation-output-transform">
        <float_array id="mixamorig_Neck-Matrix-animation-output-transform-array" count="624">

0.998328 0.057385 -0.006891 -0.056900 -0.057550 0.975927 -0.210365 14.235800 -0.005347 0.210410 0.977599 -2.088100 0.000000 0.000000 0.000000 1.000000
0.998407 0.055505 -0.010090 -0.056900 -0.056386 0.976168 -0.209564 14.235800 -0.001782 0.209799 0.977743 -2.088100 0.000000 0.000000 0.000000 1.000000
0.998467 0.053737 -0.013291 -0.056900 -0.055330 0.976262 -0.209404 14.235800 0.001723 0.209819 0.977739 -2.088100 0.000000 0.000000 0.000000 1.000000
0.998505 0.052142 -0.016423 -0.056900 -0.054428 0.976253 -0.209686 14.235800 0.005100 0.210266 0.977631 -2.088100 0.000000 0.000000 0.000000 1.000000
0.998534 0.050614 -0.019187 -0.056900 -0.053524 0.976101 -0.210623 14.235800 0.008068 0.211341 0.977379 -2.088100 0.000000 0.000000 0.000000 1.000000
0.998463 0.050733 -0.022296 -0.056900 -0.054275 0.976489 -0.208623 14.235800 0.011187 0.209512 0.977742 -2.088100 0.000000 0.000000 0.000000 1.000000
0.998273 0.052739 -0.025866 -0.056900 -0.056904 0.977510 -0.203066 14.235800 0.014575 0.204188 0.978823 -2.088100 0.000000 0.000000 0.000000 1.000000
0.997995 0.055605 -0.030238 -0.056900 -0.060468 0.978763 -0.195873 14.235800 0.018705 0.197308 0.980163 -2.088100 0.000000 0.000000 0.000000 1.000000
0.997703 0.058585 -0.033997 -0.056900 -0.064002 0.979689 -0.190035 14.235800 0.022173 0.191774 0.981189 -2.088100 0.000000 0.000000 0.000000 1.000000
0.997439 0.062889 -0.034055 -0.056900 -0.068176 0.979967 -0.187127 14.235800 0.021604 0.188969 0.981745 -2.088100 0.000000 0.000000 0.000000 1.000000
0.997146 0.070349 -0.027383 -0.056900 -0.074234 0.979685 -0.186299 14.235800 0.013721 0.187800 0.982111 -2.088100 0.000000 0.000000 0.000000 1.000000
0.996714 0.079936 -0.013077 -0.056900 -0.080972 0.979178 -0.186156 14.235800 -0.002076 0.186603 0.982433 -2.088100 0.000000 0.000000 0.000000 1.000000
0.996202 0.086826 0.006581 -0.056900 -0.084072 0.978773 -0.186909 14.235800 -0.022670 0.185646 0.982355 -2.088100 0.000000 0.000000 0.000000 1.000000
0.995937 0.086096 0.026410 -0.056900 -0.079556 0.978563 -0.189960 14.235800 -0.042199 0.187087 0.981437 -2.088100 0.000000 0.000000 0.000000 1.000000
0.996187 0.077492 0.040090 -0.056900 -0.068215 0.978256 -0.195861 14.235800 -0.054396 0.192380 0.979812 -2.088100 0.000000 0.000000 0.000000 1.000000
0.996848 0.066486 0.043281 -0.056900 -0.056372 0.977506 -0.203233 14.235800 -0.055819 0.200153 0.978173 -2.088100 0.000000 0.000000 0.000000 1.000000
0.997509 0.060319 0.036574 -0.056900 -0.051383 0.976534 -0.209142 14.235800 -0.048331 0.206742 0.977201 -2.088100 0.000000 0.000000 0.000000 1.000000
0.997726 0.062371 0.025538 -0.056900 -0.055617 0.975964 -0.210717 14.235800 -0.038067 0.208817 0.977213 -2.088100 0.000000 0.000000 0.000000 1.000000
0.997415 0.069836 0.016922 -0.056900 -0.064820 0.976068 -0.207578 14.235800 -0.031013 0.205945 0.978072 -2.088100 0.000000 0.000000 0.000000 1.000000
0.996953 0.076751 0.013906 -0.056900 -0.072358 0.976595 -0.202552 14.235800 -0.029127 0.200929 0.979173 -2.088100 0.000000 0.000000 0.000000 1.000000
0.996742 0.079286 0.014781 -0.056900 -0.074774 0.977128 -0.199072 14.235800 -0.030227 0.197318 0.979873 -2.088100 0.000000 0.000000 0.000000 1.000000
0.996810 0.078199 0.015979 -0.056900 -0.073502 0.977419 -0.198116 14.235800 -0.031111 0.196309 0.980048 -2.088100 0.000000 0.000000 0.000000 1.000000
0.996942 0.076530 0.015801 -0.056900 -0.071902 0.977553 -0.198043 14.235800 -0.030603 0.196301 0.980066 -2.088100 0.000000 0.000000 0.000000 1.000000
0.997001 0.075909 0.015069 -0.056900 -0.071470 0.977798 -0.196985 14.235800 -0.029687 0.195317 0.980291 -2.088100 0.000000 0.000000 0.000000 1.000000
0.997015 0.075735 0.015029 -0.056900 -0.071368 0.978213 -0.194953 14.235800 -0.029466 0.193298 0.980698 -2.088100 0.000000 0.000000 0.000000 1.000000
0.997046 0.075194 0.015634 -0.056900 -0.070761 0.978517 -0.193641 14.235800 -0.029859 0.191963 0.980948 -2.088100 0.000000 0.000000 0.000000 1.000000
0.997087 0.074592 0.015939 -0.056900 -0.070079 0.978362 -0.194670 14.235800 -0.030115 0.192986 0.980739 -2.088100 0.000000 0.000000 0.000000 1.000000
0.997110 0.074392 0.015406 -0.056900 -0.069876 0.977645 -0.198311 14.235800 -0.029815 0.196661 0.980018 -2.088100 0.000000 0.000000 0.000000 1.000000
0.997154 0.074008 0.014361 -0.056900 -0.069551 0.976595 -0.203529 14.235800 -0.029088 0.201951 0.978964 -2.088100 0.000000 0.000000 0.000000 1.000000
0.997291 0.072334 0.013377 -0.056900 -0.067962 0.975605 -0.208749 14.235800 -0.028150 0.207274 0.977878 -2.088100 0.000000 0.000000 0.000000 1.000000
0.997523 0.069194 0.012622 -0.056900 -0.064940 0.974973 -0.212626 14.235800 -0.027018 0.211279 0.977052 -2.088100 0.000000 0.000000 0.000000 1.000000
0.997770 0.065703 0.011763 -0.056900 -0.061654 0.974723 -0.214742 14.235800 -0.025575 0.213538 0.976600 -2.088100 0.000000 0.000000 0.000000 1.000000
0.997946 0.063235 0.010282 -0.056900 -0.059532 0.974610 -0.215852 14.235800 -0.023671 0.214796 0.976372 -2.088100 0.000000 0.000000 0.000000 1.000000
0.998024 0.062338 0.007898 -0.056900 -0.059144 0.974378 -0.217001 14.235800 -0.021223 0.216105 0.976139 -2.088100 0.000000 0.000000 0.000000 1.000000
0.998036 0.062454 0.004846 -0.056900 -0.059898 0.974100 -0.218041 14.235800 -0.018338 0.217323 0.975928 -2.088100 0.000000 0.000000 0.000000 1.000000
0.998051 0.062380 0.001761 -0.056900 -0.060505 0.974190 -0.217470 14.235800 -0.015282 0.216940 0.976065 -2.088100 0.000000 0.000000 0.000000 1.000000
0.998127 0.061168 -0.000853 -0.056900 -0.059930 0.974952 -0.214191 14.235800 -0.012270 0.213840 0.976792 -2.088100 0.000000 0.000000 0.000000 1.000000
0.998233 0.059293 -0.003785 -0.056900 -0.058747 0.975518 -0.211929 14.235800 -0.008873 0.211777 0.977278 -2.088100 0.000000 0.000000 0.000000 1.000000
0.998328 0.057385 -0.006891 -0.056900 -0.057550 0.975927 -0.210365 14.235800 -0.005347 0.210410 0.977599 -2.088100 0.000000 0.000000 0.000000 1.000000</float_array>
        <technique_common>
          <accessor source="#mixamorig_Neck-Matrix-animation-output-transform-array" count="39" stride="16">
            <param type="float4x4"/>
          </accessor>
        </technique_common>
      </source>
