<?xml version="1.0" encoding="utf-8"?>
<COLLADA xmlns="http://www.collada.org/2005/11/COLLADASchema" version="1.4.1">
  <asset>
    <contributor>
      <author>Mixamo</author>
      <authoring_tool>COLLADA Mixamo exporter</authoring_tool>
      <comments/>
    </contributor>
    <created>2024-12-15T19:19:28Z</created>
    <modified>2024-12-15T19:19:28Z</modified>
    <revision/>
    <title/>
    <unit meter="0.010000"/>
    <up_axis>Y_UP</up_axis>
  </asset>
  <library_animations>
    <animation id="mixamorig_Hips-anim" name="mixamorig_Hips">
      <source id="mixamorig_Hips-Matrix-animation-input">
        <float_array id="mixamorig_Hips-Matrix-animation-input-array" count="21">

0.000000 0.033333 0.066667 0.100000 0.133333 0.166667 0.200000 0.233333 0.266667 0.300000 0.333333 0.366667 0.400000 0.433333 0.466667 0.500000
0.533333 0.566667 0.600000 0.633333 0.666667</float_array>
        <technique_common>
          <accessor source="#mixamorig_Hips-Matrix-animation-input-array" count="21">
            <param name="TIME" type="float"/>
          </accessor>
        </technique_common>
      </source>
      <source id="mixamorig_Hips-Matrix-animation-output-transform">
        <float_array id="mixamorig_Hips-Matrix-animation-output-transform-array" count="336">

0.166927 -0.336047 -0.926935 -0.118253 -0.037575 0.937274 -0.346562 91.415833 0.985253 0.092680 0.143829 0.599789 0.000000 0.000000 0.000000 1.000000
0.145927 -0.349618 -0.925458 -0.674948 -0.008991 0.934965 -0.354627 91.471153 0.989254 0.060071 0.133293 0.700304 0.000000 0.000000 0.000000 1.000000
0.127653 -0.359639 -0.924318 -1.441976 0.039200 0.933044 -0.357620 92.729858 0.991044 0.009418 0.133203 0.771070 0.000000 0.000000 0.000000 1.000000
0.125637 -0.363535 -0.923070 -2.526917 0.084596 0.930979 -0.355136 94.657928 0.988463 -0.033469 0.147719 0.733435 0.000000 0.000000 0.000000 1.000000
0.146572 -0.359145 -0.921701 -3.475410 0.107371 0.932035 -0.346097 95.888229 0.983356 -0.048235 0.175171 0.662785 0.000000 0.000000 0.000000 1.000000
0.185019 -0.342152 -0.921249 -4.604819 0.091812 0.939352 -0.330436 96.204765 0.978437 -0.023445 0.205212 0.618392 0.000000 0.000000 0.000000 1.000000
0.228200 -0.314424 -0.921446 -6.102374 0.062009 0.949190 -0.308534 96.370033 0.971637 0.013269 0.236103 0.702253 0.000000 0.000000 0.000000 1.000000
0.255952 -0.292205 -0.921469 -6.839584 0.053938 0.956053 -0.288190 96.074623 0.965184 0.024061 0.260464 0.986880 0.000000 0.000000 0.000000 1.000000
0.258718 -0.294100 -0.920093 -6.574059 0.071274 0.955739 -0.285452 94.432152 0.963320 0.008273 0.268228 1.403135 0.000000 0.000000 0.000000 1.000000
0.256484 -0.320413 -0.911895 -5.516820 0.105574 0.947097 -0.303087 92.569481 0.960765 -0.018536 0.276743 1.896718 0.000000 0.000000 0.000000 1.000000
0.262052 -0.345386 -0.901131 -4.661781 0.135422 0.937684 -0.320015 91.292816 0.955505 -0.038172 0.292495 2.349950 0.000000 0.000000 0.000000 1.000000
0.271441 -0.348260 -0.897237 -4.326307 0.137145 0.936721 -0.322095 90.876297 0.952634 -0.035621 0.302027 2.524369 0.000000 0.000000 0.000000 1.000000
0.277025 -0.336111 -0.900159 -4.190062 0.101787 0.941818 -0.320341 91.463066 0.955456 -0.002882 0.295119 2.309114 0.000000 0.000000 0.000000 1.000000
0.274799 -0.327245 -0.904100 -4.019343 0.040779 0.943420 -0.329083 92.913017 0.960637 0.053563 0.272595 1.813988 0.000000 0.000000 0.000000 1.000000
0.261529 -0.332629 -0.906069 -3.829849 -0.007205 0.938042 -0.346447 94.909821 0.965169 0.097134 0.242928 1.261995 0.000000 0.000000 0.000000 1.000000
0.240515 -0.343736 -0.907743 -3.206866 -0.023962 0.932808 -0.359576 96.207153 0.970350 0.108234 0.216117 0.923071 0.000000 0.000000 0.000000 1.000000
0.218007 -0.347084 -0.912143 -2.541854 -0.017035 0.933128 -0.359141 96.501511 0.975799 0.093833 0.197516 0.868120 0.000000 0.000000 0.000000 1.000000
0.197222 -0.339068 -0.919857 -2.532834 -0.010556 0.937497 -0.347834 95.699135 0.980302 0.078310 0.181316 0.854151 0.000000 0.000000 0.000000 1.000000
0.180414 -0.329673 -0.926697 -2.411229 -0.017235 0.940953 -0.338099 94.019608 0.983440 0.076969 0.164079 0.738193 0.000000 0.000000 0.000000 1.000000
0.170098 -0.328703 -0.928989 -1.396816 -0.031481 0.940434 -0.338516 92.517792 0.984924 0.086826 0.149618 0.599136 0.000000 0.000000 0.000000 1.000000
0.166927 -0.336047 -0.926935 -0.118257 -0.037575 0.937274 -0.346562 91.415817 0.985253 0.092680 0.143830 0.599789 0.000000 0.000000 0.000000 1.000000</float_array>
        <technique_common>
          <accessor source="#mixamorig_Hips-Matrix-animation-output-transform-array" count="21" stride="16">
            <param type="float4x4"/>
          </accessor>
        </technique_common>
      </source>
      <source id="mixamorig_Hips-Interpolations">
        <Name_array id="mixamorig_Hips-Interpolations-array" count="21">
 LINEAR LINEAR LINEAR LINEAR LINEAR LINEAR LINEAR LINEAR LINEAR LINEAR LINEAR
LINEAR LINEAR LINEAR LINEAR LINEAR LINEAR LINEAR LINEAR LINEAR LINEAR</Name_array>
        <technique_common>
          <accessor source="#mixamorig_Hips-Interpolations-array" count="21">
            <param type="name"/>
          </accessor>
        </technique_common>
      </source>
      <sampler id="mixamorig_Hips-Matrix-animation-transform">
        <input semantic="INPUT" source="#mixamorig_Hips-Matrix-animation-input"/>
        <input semantic="OUTPUT" source="#mixamorig_Hips-Matrix-animation-output-transform"/>
        <input semantic="INTERPOLATION" source="#mixamorig_Hips-Interpolations"/>
      </sampler>
      <channel source="#mixamorig_Hips-Matrix-animation-transform" target="mixamorig_Hips/matrix"/>
    </animation>
    <animation id="mixamorig_Spine-anim" name="mixamorig_Spine">
      <source id="mixamorig_Spine-Matrix-animation-input">
        <float_array id="mixamorig_Spine-Matrix-animation-input-array" count="21">

0.000000 0.033333 0.066667 0.100000 0.133333 0.166667 0.200000 0.233333 0.266667 0.300000 0.333333 0.366667 0.400000 0.433333 0.466667 0.500000
0.533333 0.566667 0.600000 0.633333 0.666667</float_array>
        <technique_common>
          <accessor source="#mixamorig_Spine-Matrix-animation-input-array" count="21">
            <param name="TIME" type="float"/>
          </accessor>
        </technique_common>
      </source>
      <source id="mixamorig_Spine-Matrix-animation-output-transform">
        <float_array id="mixamorig_Spine-Matrix-animation-output-transform-array" count="336">

0.983428 -0.005740 0.181208 -0.038100 0.007225 0.999945 -0.007537 9.490500 -0.181155 0.008721 0.983416 -1.392100 0.000000 0.000000 0.000000 1.000000
0.973802 0.031620 0.225190 -0.038100 -0.028962 0.999466 -0.015098 9.490500 -0.225548 0.008180 0.974198 -1.392100 0.000000 0.000000 0.000000 1.000000
0.958378 0.087914 0.271631 -0.038100 -0.085050 0.996127 -0.022322 9.490500 -0.272541 -0.001710 0.962143 -1.392100 0.000000 0.000000 0.000000 1.000000
0.938978 0.134771 0.316476 -0.038100 -0.132846 0.990748 -0.027760 9.490500 -0.317289 -0.015976 0.948194 -1.392100 0.000000 0.000000 0.000000 1.000000
0.924708 0.153396 0.348403 -0.038100 -0.153362 0.987777 -0.027858 9.490500 -0.348418 -0.027671 0.936931 -1.392100 0.000000 0.000000 0.000000 1.000000
0.922442 0.133927 0.362166 -0.038100 -0.137227 0.990398 -0.016725 9.490500 -0.360929 -0.034271 0.931963 -1.392100 0.000000 0.000000 0.000000 1.000000
0.931359 0.100160 0.350054 -0.038100 -0.106356 0.994327 -0.001532 9.490500 -0.348222 -0.035803 0.936728 -1.392100 0.000000 0.000000 0.000000 1.000000
0.946452 0.087394 0.310791 -0.038100 -0.093118 0.995649 0.003596 9.490500 -0.309125 -0.032343 0.950471 -1.392100 0.000000 0.000000 0.000000 1.000000
0.961578 0.098353 0.256310 -0.038100 -0.101388 0.994846 -0.001381 9.490500 -0.255124 -0.024659 0.966594 -1.392100 0.000000 0.000000 0.000000 1.000000
0.973111 0.119194 0.197099 -0.038100 -0.119475 0.992782 -0.010506 9.490500 -0.196929 -0.013325 0.980327 -1.392100 0.000000 0.000000 0.000000 1.000000
0.979922 0.130240 0.150968 -0.038100 -0.128934 0.991482 -0.018450 9.490500 -0.152085 -0.001385 0.988367 -1.392100 0.000000 0.000000 0.000000 1.000000
0.985592 0.117421 0.121739 -0.038100 -0.116004 0.993073 -0.018684 9.490500 -0.123090 0.004293 0.992386 -1.392100 0.000000 0.000000 0.000000 1.000000
0.992176 0.078975 0.096699 -0.038100 -0.078760 0.996875 -0.006041 9.490500 -0.096874 -0.001622 0.995295 -1.392100 0.000000 0.000000 0.000000 1.000000
0.997496 0.025420 0.065996 -0.038100 -0.026430 0.999546 0.014487 9.490500 -0.065598 -0.016195 0.997715 -1.392100 0.000000 0.000000 0.000000 1.000000
0.999389 -0.012905 0.032479 -0.038100 0.011945 0.999491 0.029592 9.490500 -0.032844 -0.029186 0.999034 -1.392100 0.000000 0.000000 0.000000 1.000000
0.999659 -0.023742 0.010846 -0.038100 0.023374 0.999187 0.032861 9.490500 -0.011617 -0.032596 0.999401 -1.392100 0.000000 0.000000 0.000000 1.000000
0.999878 -0.010718 0.011389 -0.038100 0.010392 0.999545 0.028317 9.490500 -0.011688 -0.028196 0.999534 -1.392100 0.000000 0.000000 0.000000 1.000000
0.999349 0.006210 0.035529 -0.038100 -0.006968 0.999750 0.021255 9.490500 -0.035388 -0.021489 0.999143 -1.392100 0.000000 0.000000 0.000000 1.000000
0.996842 0.008905 0.078909 -0.038100 -0.009969 0.999864 0.013100 9.490500 -0.078781 -0.013846 0.996796 -1.392100 0.000000 0.000000 0.000000 1.000000
0.991218 -0.001811 0.132229 -0.038100 0.001286 0.999991 0.004055 9.490500 -0.132235 -0.003850 0.991211 -1.392100 0.000000 0.000000 0.000000 1.000000
0.983428 -0.005740 0.181208 -0.038100 0.007225 0.999945 -0.007537 9.490500 -0.181155 0.008721 0.983416 -1.392100 0.000000 0.000000 0.000000 1.000000</float_array>
        <technique_common>
          <accessor source="#mixamorig_Spine-Matrix-animation-output-transform-array" count="21" stride="16">
            <param type="float4x4"/>
          </accessor>
        </technique_common>
      </source>
      <source id="mixamorig_Spine-Interpolations">
        <Name_array id="mixamorig_Spine-Interpolations-array" count="21">
 LINEAR LINEAR LINEAR LINEAR LINEAR LINEAR LINEAR LINEAR LINEAR LINEAR LINEAR
LINEAR LINEAR LINEAR LINEAR LINEAR LINEAR LINEAR LINEAR LINEAR LINEAR</Name_array>
        <technique_common>
          <accessor source="#mixamorig_Spine-Interpolations-array" count="21">
            <param type="name"/>
          </accessor>
        </technique_common>
      </source>
      <sampler id="mixamorig_Spine-Matrix-animation-transform">
        <input semantic="INPUT" source="#mixamorig_Spine-Matrix-animation-input"/>
        <input semantic="OUTPUT" source="#mixamorig_Spine-Matrix-animation-output-transform"/>
        <input semantic="INTERPOLATION" source="#mixamorig_Spine-Interpolations"/>
      </sampler>
      <channel source="#mixamorig_Spine-Matrix-animation-transform" target="mixamorig_Spine/matrix"/>
    </animation>
    <animation id="mixamorig_Spine1-anim" name="mixamorig_Spine1">
      <source id="mixamorig_Spine1-Matrix-animation-input">
        <float_array id="mixamorig_Spine1-Matrix-animation-input-array" count="21">

0.000000 0.033333 0.066667 0.100000 0.133333 0.166667 0.200000 0.233333 0.266667 0.300000 0.333333 0.366667 0.400000 0.433333 0.466667 0.500000
0.533333 0.566667 0.600000 0.633333 0.666667</float_array>
        <technique_common>
          <accessor source="#mixamorig_Spine1-Matrix-animation-input-array" count="21">
            <param name="TIME" type="float"/>
          </accessor>
        </technique_common>
      </source>
      <source id="mixamorig_Spine1-Matrix-animation-output-transform">
        <float_array id="mixamorig_Spine1-Matrix-animation-output-transform-array" count="336">

0.997065 0.012534 0.075524 -0.000000 -0.007890 0.998077 -0.061485 11.190800 -0.076149 0.060709 0.995247 0.000000 0.000000 0.000000 0.000000 1.000000
0.995105 0.022604 0.096201 0.000000 -0.016668 0.997933 -0.062067 11.190800 -0.097405 0.060159 0.993425 0.000000 0.000000 0.000000 0.000000 1.000000
0.992589 0.033958 0.116680 0.000000 -0.026979 0.997780 -0.060882 11.190800 -0.118489 0.057283 0.991302 -0.000000 0.000000 0.000000 0.000000 1.000000
0.990206 0.041835 0.133202 0.000000 -0.034259 0.997689 -0.058670 11.190800 -0.135348 0.053532 0.989351 -0.000000 0.000000 0.000000 0.000000 1.000000
0.988836 0.043008 0.142665 0.000000 -0.035448 0.997851 -0.055114 11.190800 -0.144729 0.049442 0.988235 0.000000 0.000000 0.000000 0.000000 1.000000
0.988723 0.039058 0.144572 0.000000 -0.032068 0.998216 -0.050365 11.190800 -0.146281 0.045161 0.988212 -0.000000 0.000000 0.000000 0.000000 1.000000
0.989604 0.034921 0.139513 0.000000 -0.028668 0.998503 -0.046580 11.190800 -0.140931 0.042096 0.989124 -0.000000 0.000000 0.000000 0.000000 1.000000
0.991327 0.034090 0.126922 0.000000 -0.028421 0.998527 -0.046211 11.190800 -0.128311 0.042203 0.990836 -0.000000 0.000000 0.000000 0.000000 1.000000
0.993594 0.036079 0.107093 -0.000000 -0.030939 0.998306 -0.049280 11.190800 -0.108689 0.045651 0.993027 0.000000 0.000000 0.000000 0.000000 1.000000
0.995665 0.038116 0.084847 -0.000000 -0.033620 0.997985 -0.053807 11.190800 -0.086727 0.050721 0.994940 0.000000 0.000000 0.000000 0.000000 1.000000
0.997049 0.037844 0.066784 0.000000 -0.034007 0.997756 -0.057681 11.190800 -0.068817 0.055240 0.996099 0.000000 0.000000 0.000000 0.000000 1.000000
0.997977 0.033615 0.053964 0.000000 -0.030423 0.997799 -0.058927 11.190800 -0.055826 0.057166 0.996803 0.000000 0.000000 0.000000 0.000000 1.000000
0.998818 0.024184 0.042160 0.000000 -0.021780 0.998161 -0.056574 11.190800 -0.043451 0.055589 0.997508 0.000000 0.000000 0.000000 0.000000 1.000000
0.999514 0.011548 0.028944 0.000000 -0.010023 0.998582 -0.052281 11.190800 -0.029507 0.051966 0.998213 0.000000 0.000000 0.000000 0.000000 1.000000
0.999862 0.002193 0.016444 0.000000 -0.001387 0.998804 -0.048877 11.190800 -0.016532 0.048847 0.998669 0.000000 0.000000 0.000000 0.000000 1.000000
0.999957 0.001211 0.009178 0.000000 -0.000774 0.998872 -0.047473 11.190800 -0.009225 0.047464 0.998830 0.000000 0.000000 0.000000 0.000000 1.000000
0.999921 0.006357 0.010824 0.000000 -0.005835 0.998853 -0.047528 11.190800 -0.011114 0.047462 0.998811 -0.000000 0.000000 0.000000 0.000000 1.000000
0.999706 0.010936 0.021658 0.000000 -0.009869 0.998761 -0.048786 11.190800 -0.022165 0.048558 0.998574 0.000000 0.000000 0.000000 0.000000 1.000000
0.999194 0.011603 0.038424 0.000000 -0.009610 0.998619 -0.051649 11.190800 -0.038970 0.051238 0.997926 0.000000 0.000000 0.000000 0.000000 1.000000
0.998310 0.010746 0.057110 0.000000 -0.007535 0.998395 -0.056136 11.190800 -0.057622 0.055611 0.996788 -0.000000 0.000000 0.000000 0.000000 1.000000
0.997065 0.012534 0.075524 -0.000000 -0.007890 0.998077 -0.061485 11.190800 -0.076149 0.060709 0.995247 -0.000000 0.000000 0.000000 0.000000 1.000000</float_array>
        <technique_common>
          <accessor source="#mixamorig_Spine1-Matrix-animation-output-transform-array" count="21" stride="16">
            <param type="float4x4"/>
          </accessor>
        </technique_common>
      </source>
      <source id="mixamorig_Spine1-Interpolations">
        <Name_array id="mixamorig_Spine1-Interpolations-array" count="21">
 LINEAR LINEAR LINEAR LINEAR LINEAR LINEAR LINEAR LINEAR LINEAR LINEAR LINEAR
LINEAR LINEAR LINEAR LINEAR LINEAR LINEAR LINEAR LINEAR LINEAR LINEAR</Name_array>
        <technique_common>
          <accessor source="#mixamorig_Spine1-Interpolations-array" count="21">
            <param type="name"/>
          </accessor>
        </technique_common>
      </source>
      <sampler id="mixamorig_Spine1-Matrix-animation-transform">
        <input semantic="INPUT" source="#mixamorig_Spine1-Matrix-animation-input"/>
        <input semantic="OUTPUT" source="#mixamorig_Spine1-Matrix-animation-output-transform"/>
        <input semantic="INTERPOLATION" source="#mixamorig_Spine1-Interpolations"/>
      </sampler>
      <channel source="#mixamorig_Spine1-Matrix-animation-transform" target="mixamorig_Spine1/matrix"/>
    </animation>
    <animation id="mixamorig_Spine2-anim" name="mixamorig_Spine2">
      <source id="mixamorig_Spine2-Matrix-animation-input">
        <float_array id="mixamorig_Spine2-Matrix-animation-input-array" count="21">

0.000000 0.033333 0.066667 0.100000 0.133333 0.166667 0.200000 0.233333 0.266667 0.300000 0.333333 0.366667 0.400000 0.433333 0.466667 0.500000
0.533333 0.566667 0.600000 0.633333 0.666667</float_array>
        <technique_common>
          <accessor source="#mixamorig_Spine2-Matrix-animation-input-array" count="21">
            <param name="TIME" type="float"/>
          </accessor>
        </technique_common>
      </source>
      <source id="mixamorig_Spine2-Matrix-animation-output-transform">
        <float_array id="mixamorig_Spine2-Matrix-animation-output-transform-array" count="336">

0.996994 0.028144 0.072183 0.000000 -0.012738 0.978554 -0.205597 12.789500 -0.076421 0.204060 0.975971 0.000000 0.000000 0.000000 0.000000 1.000000
0.994988 0.041405 0.091019 -0.000000 -0.021855 0.978283 -0.206119 12.789500 -0.097576 0.203097 0.974285 0.000000 0.000000 0.000000 0.000000 1.000000
0.992410 0.055734 0.109617 -0.000000 -0.032338 0.978303 -0.204638 12.789500 -0.118644 0.199539 0.972681 0.000000 0.000000 0.000000 0.000000 1.000000
0.989974 0.065995 0.124887 0.000000 -0.039745 0.978568 -0.202054 12.789500 -0.135544 0.195064 0.971379 0.000000 0.000000 0.000000 0.000000 1.000000
0.988585 0.068754 0.134061 0.000000 -0.041203 0.979258 -0.198386 12.789500 -0.144920 0.190597 0.970912 0.000000 0.000000 0.000000 0.000000 1.000000
0.988493 0.065549 0.136325 -0.000000 -0.038257 0.980268 -0.193937 12.789500 -0.146348 0.186490 0.971496 0.000000 0.000000 0.000000 0.000000 1.000000
0.989410 0.061073 0.131674 -0.000000 -0.035189 0.981035 -0.190610 12.789500 -0.140818 0.183957 0.972795 0.000000 0.000000 0.000000 0.000000 1.000000
0.991147 0.058359 0.119258 0.000000 -0.034847 0.981073 -0.190478 12.789500 -0.128117 0.184636 0.974421 -0.000000 0.000000 0.000000 0.000000 1.000000
0.993407 0.056951 0.099497 0.000000 -0.036830 0.980417 -0.193458 12.789500 -0.108566 0.188518 0.976050 -0.000000 0.000000 0.000000 0.000000 1.000000
0.995473 0.055146 0.077415 -0.000000 -0.038881 0.979479 -0.197758 12.789500 -0.086732 0.193853 0.977189 -0.000000 0.000000 0.000000 0.000000 1.000000
0.996864 0.051892 0.059745 0.000000 -0.038871 0.978718 -0.201494 12.789500 -0.068929 0.198540 0.977666 0.000000 0.000000 0.000000 0.000000 1.000000
0.997811 0.045687 0.047807 0.000000 -0.035092 0.978598 -0.202765 12.789500 -0.056047 0.200644 0.978060 -0.000000 0.000000 0.000000 0.000000 1.000000
0.998694 0.034480 0.037704 0.000000 -0.026240 0.979333 -0.200545 12.789500 -0.043840 0.199293 0.978959 -0.000000 0.000000 0.000000 0.000000 1.000000
0.999446 0.019841 0.026720 -0.000000 -0.014212 0.980418 -0.196412 12.789500 -0.030094 0.195923 0.980157 -0.000000 0.000000 0.000000 0.000000 1.000000
0.999837 0.008603 0.015872 0.000000 -0.005376 0.981156 -0.193143 12.789500 -0.017234 0.193026 0.981042 0.000000 0.000000 0.000000 0.000000 1.000000
0.999940 0.006533 0.008805 0.000000 -0.004723 0.981419 -0.191818 12.789500 -0.009895 0.191765 0.981391 0.000000 0.000000 0.000000 0.000000 1.000000
0.999883 0.011913 0.009550 -0.000000 -0.009860 0.981368 -0.191883 12.789500 -0.011658 0.191766 0.981371 0.000000 0.000000 0.000000 0.000000 1.000000
0.999647 0.018104 0.019464 0.000000 -0.014009 0.981082 -0.193085 12.789500 -0.022591 0.192744 0.980989 0.000000 0.000000 0.000000 0.000000 1.000000
0.999129 0.021324 0.035855 0.000000 -0.013898 0.980533 -0.195863 12.789500 -0.039333 0.195194 0.979976 0.000000 0.000000 0.000000 0.000000 1.000000
0.998247 0.023394 0.054369 0.000000 -0.012051 0.979665 -0.200280 12.789500 -0.057948 0.199274 0.978229 -0.000000 0.000000 0.000000 0.000000 1.000000
0.996994 0.028144 0.072183 -0.000000 -0.012738 0.978554 -0.205597 12.789500 -0.076421 0.204060 0.975971 0.000000 0.000000 0.000000 0.000000 1.000000</float_array>
        <technique_common>
          <accessor source="#mixamorig_Spine2-Matrix-animation-output-transform-array" count="21" stride="16">
            <param type="float4x4"/>
          </accessor>
        </technique_common>
      </source>
      <source id="mixamorig_Spine2-Interpolations">
        <Name_array id="mixamorig_Spine2-Interpolations-array" count="21">
 LINEAR LINEAR LINEAR LINEAR LINEAR LINEAR LINEAR LINEAR LINEAR LINEAR LINEAR
LINEAR LINEAR LINEAR LINEAR LINEAR LINEAR LINEAR LINEAR LINEAR LINEAR</Name_array>
        <technique_common>
          <accessor source="#mixamorig_Spine2-Interpolations-array" count="21">
            <param type="name"/>
          </accessor>
        </technique_common>
      </source>
      <sampler id="mixamorig_Spine2-Matrix-animation-transform">
        <input semantic="INPUT" source="#mixamorig_Spine2-Matrix-animation-input"/>
        <input semantic="OUTPUT" source="#mixamorig_Spine2-Matrix-animation-output-transform"/>
        <input semantic="INTERPOLATION" source="#mixamorig_Spine2-Interpolations"/>
      </sampler>
      <channel source="#mixamorig_Spine2-Matrix-animation-transform" target="mixamorig_Spine2/matrix"/>
    </animation>
    <animation id="mixamorig_Neck-anim" name="mixamorig_Neck">
      <source id="mixamorig_Neck-Matrix-animation-input">
        <float_array id="mixamorig_Neck-Matrix-animation-input-array" count="21">

0.000000 0.033333 0.066667 0.100000 0.133333 0.166667 0.200000 0.233333 0.266667 0.300000 0.333333 0.366667 0.400000 0.433333 0.466667 0.500000
0.533333 0.566667 0.600000 0.633333 0.666667</float_array>
        <technique_common>
          <accessor source="#mixamorig_Neck-Matrix-animation-input-array" count="21">
            <param name="TIME" type="float"/>
          </accessor>
        </technique_common>
      </source>
      <source id="mixamorig_Neck-Matrix-animation-output-transform">
        <float_array id="mixamorig_Neck-Matrix-animation-output-transform-array" count="336">

0.991883 -0.029422 0.123702 -0.056900 0.024232 0.998770 0.043252 14.235800 -0.124823 -0.039903 0.991376 -2.088100 0.000000 0.000000 0.000000 1.000000
0.993269 -0.042848 0.107617 -0.056900 0.038410 0.998337 0.042985 14.235800 -0.109280 -0.038562 0.993263 -2.088100 0.000000 0.000000 0.000000 1.000000
0.994455 -0.055699 0.089207 -0.056900 0.053004 0.998072 0.032300 14.235800 -0.090834 -0.027393 0.995489 -2.088100 0.000000 0.000000 0.000000 1.000000
0.995462 -0.063036 0.071287 -0.056900 0.062151 0.997960 0.014577 14.235800 -0.072060 -0.010080 0.997349 -2.088100 0.000000 0.000000 0.000000 1.000000
0.996223 -0.064967 0.057605 -0.056900 0.065313 0.997856 -0.004140 14.235800 -0.057212 0.007887 0.998331 -2.088100 0.000000 0.000000 0.000000 1.000000
0.996443 -0.066950 0.051184 -0.056900 0.067914 0.997541 -0.017313 14.235800 -0.049899 0.020727 0.998539 -2.088100 0.000000 0.000000 0.000000 1.000000
0.996000 -0.070891 0.054389 -0.056900 0.072055 0.997205 -0.019739 14.235800 -0.052838 0.023579 0.998325 -2.088100 0.000000 0.000000 0.000000 1.000000
0.995168 -0.070248 0.068598 -0.056900 0.071095 0.997420 -0.009975 14.235800 -0.067720 0.014804 0.997595 -2.088100 0.000000 0.000000 0.000000 1.000000
0.994135 -0.059428 0.090356 -0.056900 0.059108 0.998232 0.006211 14.235800 -0.090565 -0.000834 0.995890 -2.088100 0.000000 0.000000 0.000000 1.000000
0.992912 -0.044562 0.110185 -0.056900 0.042739 0.998908 0.018858 14.235800 -0.110905 -0.014015 0.993732 -2.088100 0.000000 0.000000 0.000000 1.000000
0.991942 -0.036870 0.121209 -0.056900 0.034386 0.999155 0.022523 14.235800 -0.121937 -0.018174 0.992371 -2.088100 0.000000 0.000000 0.000000 1.000000
0.991155 -0.036657 0.127548 -0.056900 0.034490 0.999221 0.019158 14.235800 -0.128151 -0.014590 0.991647 -2.088100 0.000000 0.000000 0.000000 1.000000
0.989868 -0.034202 0.137813 -0.056900 0.032461 0.999363 0.014861 14.235800 -0.138234 -0.010237 0.990347 -2.088100 0.000000 0.000000 0.000000 1.000000
0.987765 -0.025111 0.153913 -0.056900 0.022917 0.999609 0.016013 14.235800 -0.154255 -0.012290 0.987955 -2.088100 0.000000 0.000000 0.000000 1.000000
0.985230 -0.014774 0.170597 -0.056900 0.010720 0.999639 0.024656 14.235800 -0.170900 -0.022463 0.985032 -2.088100 0.000000 0.000000 0.000000 1.000000
0.983453 -0.009645 0.180905 -0.056900 0.003317 0.999373 0.035250 14.235800 -0.181132 -0.034066 0.982869 -2.088100 0.000000 0.000000 0.000000 1.000000
0.983509 -0.010488 0.180554 -0.056900 0.003444 0.999222 0.039282 14.235800 -0.180826 -0.038012 0.982780 -2.088100 0.000000 0.000000 0.000000 1.000000
0.985314 -0.014219 0.170162 -0.056900 0.008339 0.999345 0.035221 14.235800 -0.170551 -0.033284 0.984787 -2.088100 0.000000 0.000000 0.000000 1.000000
0.987838 -0.018534 0.154380 -0.056900 0.013954 0.999431 0.030698 14.235800 -0.154861 -0.028171 0.987535 -2.088100 0.000000 0.000000 0.000000 1.000000
0.990142 -0.023298 0.138115 -0.056900 0.018884 0.999271 0.033187 14.235800 -0.138788 -0.030252 0.989860 -2.088100 0.000000 0.000000 0.000000 1.000000
0.991883 -0.029422 0.123702 -0.056900 0.024232 0.998770 0.043252 14.235800 -0.124822 -0.039903 0.991376 -2.088100 0.000000 0.000000 0.000000 1.000000</float_array>
        <technique_common>
          <accessor source="#mixamorig_Neck-Matrix-animation-output-transform-array" count="21" stride="16">
            <param type="float4x4"/>
          </accessor>
        </technique_common>
      </source>
      <source id="mixamorig_Neck-Interpolations">
        <Name_array id="mixamorig_Neck-Interpolations-array" count="21">
 LINEAR LINEAR LINEAR LINEAR LINEAR LINEAR LINEAR LINEAR LINEAR LINEAR LINEAR
LINEAR LINEAR LINEAR LINEAR LINEAR LINEAR LINEAR LINEAR LINEAR LINEAR</Name_array>
        <technique_common>
          <accessor source="#mixamorig_Neck-Interpolations-array" count="21">
            <param type="name"/>
          </accessor>
        </technique_common>
      </source>
      <sampler id="mixamorig_Neck-Matrix-animation-transform">
        <input semantic="INPUT" source="#mixamorig_Neck-Matrix-animation-input"/>
        <input semantic="OUTPUT" source="#mixamorig_Neck-Matrix-animation-output-transform"/>
        <input semantic="INTERPOLATION" source="#mixamorig_Neck-Interpolations"/>
      </sampler>
      <channel source="#mixamorig_Neck-Matrix-animation-transform" target="mixamorig_Neck/matrix"/>
    </animation>
    <animation id="mixamorig_Head-anim" name="mixamorig_Head">
      <source id="mixamorig_Head-Matrix-animation-input">
        <float_array id="mixamorig_Head-Matrix-animation-input-array" count="21">

0.000000 0.033333 0.066667 0.100000 0.133333 0.166667 0.200000 0.233333 0.266667 0.300000 0.333333 0.366667 0.400000 0.433333 0.466667 0.500000
0.533333 0.566667 0.600000 0.633333 0.666667</float_array>
        <technique_common>
          <accessor source="#mixamorig_Head-Matrix-animation-input-array" count="21">
            <param name="TIME" type="float"/>
          </accessor>
        </technique_common>
      </source>
      <source id="mixamorig_Head-Matrix-animation-output-transform">
        <float_array id="mixamorig_Head-Matrix-animation-output-transform-array" count="336">

0.619057 0.210529 0.756602 0.000000 -0.500840 0.847899 0.173857 3.280200 -0.604920 -0.486564 0.630339 0.313300 0.000000 0.000000 0.000000 1.000000
0.653466 0.211300 0.726866 0.000000 -0.484533 0.854509 0.187198 3.280200 -0.581559 -0.474518 0.660774 0.313300 0.000000 0.000000 0.000000 1.000000
0.693850 0.210094 0.688791 0.000000 -0.458590 0.866378 0.197698 3.280200 -0.555218 -0.453045 0.697483 0.313300 0.000000 0.000000 0.000000 1.000000
0.731954 0.214678 0.646651 -0.000000 -0.434871 0.877816 0.200815 3.280200 -0.524530 -0.428197 0.735878 0.313300 0.000000 0.000000 0.000000 1.000000
0.758917 0.226895 0.610380 0.000000 -0.419950 0.886906 0.192458 3.280200 -0.497682 -0.402389 0.768372 0.313300 0.000000 0.000000 0.000000 1.000000
0.770376 0.237738 0.591610 0.000000 -0.409642 0.895589 0.173532 3.280200 -0.488584 -0.376033 0.787328 0.313300 0.000000 0.000000 0.000000 1.000000
0.765475 0.235312 0.598896 0.000000 -0.398394 0.904205 0.153934 3.280200 -0.505302 -0.356429 0.785893 0.313300 0.000000 0.000000 0.000000 1.000000
0.743310 0.217868 0.632474 0.000000 -0.392356 0.907761 0.148417 3.280200 -0.541800 -0.358475 0.760229 0.313300 0.000000 0.000000 0.000000 1.000000
0.708127 0.196195 0.678280 0.000000 -0.404976 0.899765 0.162537 3.280200 -0.578404 -0.389784 0.716601 0.313300 0.000000 0.000000 0.000000 1.000000
0.674939 0.182397 0.714975 -0.000000 -0.435690 0.880529 0.186662 3.280200 -0.595509 -0.437493 0.673772 0.313300 0.000000 0.000000 0.000000 1.000000
0.655846 0.179129 0.733334 0.000000 -0.463481 0.862336 0.203866 3.280200 -0.595862 -0.473591 0.648583 0.313300 0.000000 0.000000 0.000000 1.000000
0.640933 0.181486 0.745833 0.000000 -0.471324 0.859957 0.195777 3.280200 -0.605854 -0.477009 0.636713 0.313300 0.000000 0.000000 0.000000 1.000000
0.609545 0.187923 0.770156 0.000000 -0.465278 0.871376 0.155627 3.280200 -0.641849 -0.453198 0.618580 0.313300 0.000000 0.000000 0.000000 1.000000
0.558501 0.197601 0.805624 0.000000 -0.460750 0.881510 0.103202 3.280200 -0.689773 -0.428830 0.583369 0.313300 0.000000 0.000000 0.000000 1.000000
0.508663 0.199934 0.837429 0.000000 -0.463382 0.883345 0.070567 3.280200 -0.725630 -0.423944 0.541971 0.313300 0.000000 0.000000 0.000000 1.000000
0.485761 0.187272 0.853795 0.000000 -0.467036 0.881267 0.072420 3.280200 -0.738859 -0.433932 0.515548 0.313300 0.000000 0.000000 0.000000 1.000000
0.497619 0.169328 0.850708 0.000000 -0.464702 0.880178 0.096633 3.280200 -0.732412 -0.443412 0.516680 0.313300 0.000000 0.000000 0.000000 1.000000
0.530826 0.162817 0.831693 0.000000 -0.461001 0.878950 0.122164 3.280200 -0.711127 -0.448260 0.541629 0.313300 0.000000 0.000000 0.000000 1.000000
0.566396 0.173406 0.805683 0.000000 -0.467182 0.872918 0.140552 3.280200 -0.678923 -0.456009 0.575430 0.313300 0.000000 0.000000 0.000000 1.000000
0.595214 0.193125 0.780015 0.000000 -0.484048 0.860988 0.156194 3.280200 -0.641419 -0.470534 0.605954 0.313300 0.000000 0.000000 0.000000 1.000000
0.619057 0.210529 0.756602 -0.000000 -0.500840 0.847899 0.173857 3.280200 -0.604920 -0.486564 0.630339 0.313300 0.000000 0.000000 0.000000 1.000000</float_array>
        <technique_common>
          <accessor source="#mixamorig_Head-Matrix-animation-output-transform-array" count="21" stride="16">
            <param type="float4x4"/>
          </accessor>
        </technique_common>
      </source>
      <source id="mixamorig_Head-Interpolations">
        <Name_array id="mixamorig_Head-Interpolations-array" count="21">
 LINEAR LINEAR LINEAR LINEAR LINEAR LINEAR LINEAR LINEAR LINEAR LINEAR LINEAR
LINEAR LINEAR LINEAR LINEAR LINEAR LINEAR LINEAR LINEAR LINEAR LINEAR</Name_array>
        <technique_common>
          <accessor source="#mixamorig_Head-Interpolations-array" count="21">
            <param type="name"/>
          </accessor>
        </technique_common>
      </source>
      <sampler id="mixamorig_Head-Matrix-animation-transform">
        <input semantic="INPUT" source="#mixamorig_Head-Matrix-animation-input"/>
        <input semantic="OUTPUT" source="#mixamorig_Head-Matrix-animation-output-transform"/>
        <input semantic="INTERPOLATION" source="#mixamorig_Head-Interpolations"/>
      </sampler>
      <channel source="#mixamorig_Head-Matrix-animation-transform" target="mixamorig_Head/matrix"/>
    </animation>
    <animation id="mixamorig_LeftShoulder-anim" name="mixamorig_LeftShoulder">
      <source id="mixamorig_LeftShoulder-Matrix-animation-input">
        <float_array id="mixamorig_LeftShoulder-Matrix-animation-input-array" count="21">

0.000000 0.033333 0.066667 0.100000 0.133333 0.166667 0.200000 0.233333 0.266667 0.300000 0.333333 0.366667 0.400000 0.433333 0.466667 0.500000
0.533333 0.566667 0.600000 0.633333 0.666667</float_array>
        <technique_common>
          <accessor source="#mixamorig_LeftShoulder-Matrix-animation-input-array" count="21">
            <param name="TIME" type="float"/>
          </accessor>
        </technique_common>
      </source>
      <source id="mixamorig_LeftShoulder-Matrix-animation-output-transform">
        <float_array id="mixamorig_LeftShoulder-Matrix-animation-output-transform-array" count="336">

-0.032839 0.905671 -0.422708 6.728800 0.009535 -0.422633 -0.906251 11.756600 -0.999415 -0.033791 0.005243 -2.058500 0.000000 0.000000 0.000000 1.000000
-0.085433 0.912141 -0.400873 6.728800 0.009488 -0.401581 -0.915774 11.756600 -0.996299 -0.082041 0.025655 -2.058500 0.000000 0.000000 0.000000 1.000000
-0.141773 0.927671 -0.345438 6.728800 0.003796 -0.348451 -0.937319 11.756600 -0.989892 -0.134198 0.045879 -2.058500 0.000000 0.000000 0.000000 1.000000
-0.184331 0.946194 -0.265969 6.728800 -0.010091 -0.272414 -0.962127 11.756600 -0.982812 -0.174666 0.059762 -2.058500 0.000000 0.000000 0.000000 1.000000
-0.200103 0.961561 -0.188040 6.728800 -0.025871 -0.197041 -0.980054 11.756600 -0.979433 -0.191246 0.064305 -2.058500 0.000000 0.000000 0.000000 1.000000
-0.192607 0.971446 -0.138544 6.728800 -0.034972 -0.147894 -0.988385 11.756600 -0.980653 -0.185524 0.062459 -2.058500 0.000000 0.000000 0.000000 1.000000
-0.174843 0.975505 -0.133489 6.728800 -0.035150 -0.141675 -0.989289 11.756600 -0.983969 -0.168278 0.059060 -2.058500 0.000000 0.000000 0.000000 1.000000
-0.152460 0.971474 -0.181642 6.728800 -0.026348 -0.187720 -0.981869 11.756600 -0.987958 -0.144910 0.054216 -2.058500 0.000000 0.000000 0.000000 1.000000
-0.115593 0.953196 -0.279384 6.728800 -0.009047 -0.282268 -0.959293 11.756600 -0.993255 -0.108360 0.041252 -2.058500 0.000000 0.000000 0.000000 1.000000
-0.049944 0.917297 -0.395060 6.728800 0.007245 -0.395211 -0.918562 11.756600 -0.998726 -0.048739 0.013092 -2.058500 0.000000 0.000000 0.000000 1.000000
0.035628 0.877220 -0.478765 6.728800 0.009964 -0.479357 -0.877563 11.756600 -0.999315 0.026495 -0.025820 -2.058500 0.000000 0.000000 0.000000 1.000000
0.105672 0.857275 -0.503897 6.728800 0.004568 -0.507148 -0.861847 11.756600 -0.994391 0.088772 -0.057507 -2.058500 0.000000 0.000000 0.000000 1.000000
0.133313 0.865386 -0.483047 6.728800 0.003588 -0.487816 -0.872939 11.756600 -0.991067 0.114641 -0.068137 -2.058500 0.000000 0.000000 0.000000 1.000000
0.118711 0.887550 -0.445154 6.728800 0.006475 -0.449007 -0.893505 11.756600 -0.992908 0.103186 -0.059049 -2.058500 0.000000 0.000000 0.000000 1.000000
0.079601 0.906607 -0.414401 6.728800 0.007916 -0.416282 -0.909201 11.756600 -0.996795 0.069093 -0.040313 -2.058500 0.000000 0.000000 0.000000 1.000000
0.040348 0.914951 -0.401543 6.728800 0.007747 -0.402145 -0.915543 11.756600 -0.999156 0.033829 -0.023314 -2.058500 0.000000 0.000000 0.000000 1.000000
0.018858 0.914669 -0.403764 6.728800 0.007967 -0.403961 -0.914742 11.756600 -0.999790 0.014034 -0.014905 -2.058500 0.000000 0.000000 0.000000 1.000000
0.014492 0.911331 -0.411419 6.728800 0.008519 -0.411560 -0.911343 11.756600 -0.999859 0.009703 -0.013728 -2.058500 0.000000 0.000000 0.000000 1.000000
0.011981 0.908543 -0.417619 6.728800 0.008792 -0.417729 -0.908529 11.756600 -0.999890 0.007213 -0.012992 -2.058500 0.000000 0.000000 0.000000 1.000000
-0.002348 0.906941 -0.421252 6.728800 0.008993 -0.421217 -0.906915 11.756600 -0.999957 -0.005918 -0.007167 -2.058500 0.000000 0.000000 0.000000 1.000000
-0.032838 0.905671 -0.422707 6.728800 0.009535 -0.422632 -0.906251 11.756600 -0.999415 -0.033791 0.005243 -2.058500 0.000000 0.000000 0.000000 1.000000</float_array>
        <technique_common>
          <accessor source="#mixamorig_LeftShoulder-Matrix-animation-output-transform-array" count="21" stride="16">
            <param type="float4x4"/>
          </accessor>
        </technique_common>
      </source>
      <source id="mixamorig_LeftShoulder-Interpolations">
        <Name_array id="mixamorig_LeftShoulder-Interpolations-array" count="21">
 LINEAR LINEAR LINEAR LINEAR LINEAR LINEAR LINEAR LINEAR LINEAR LINEAR LINEAR
LINEAR LINEAR LINEAR LINEAR LINEAR LINEAR LINEAR LINEAR LINEAR LINEAR</Name_array>
        <technique_common>
          <accessor source="#mixamorig_LeftShoulder-Interpolations-array" count="21">
            <param type="name"/>
          </accessor>
        </technique_common>
      </source>
      <sampler id="mixamorig_LeftShoulder-Matrix-animation-transform">
        <input semantic="INPUT" source="#mixamorig_LeftShoulder-Matrix-animation-input"/>
        <input semantic="OUTPUT" source="#mixamorig_LeftShoulder-Matrix-animation-output-transform"/>
        <input semantic="INTERPOLATION" source="#mixamorig_LeftShoulder-Interpolations"/>
      </sampler>
      <channel source="#mixamorig_LeftShoulder-Matrix-animation-transform" target="mixamorig_LeftShoulder/matrix"/>
    </animation>
    <animation id="mixamorig_LeftArm-anim" name="mixamorig_LeftArm">
      <source id="mixamorig_LeftArm-Matrix-animation-input">
        <float_array id="mixamorig_LeftArm-Matrix-animation-input-array" count="21">

0.000000 0.033333 0.066667 0.100000 0.133333 0.166667 0.200000 0.233333 0.266667 0.300000 0.333333 0.366667 0.400000 0.433333 0.466667 0.500000
0.533333 0.566667 0.600000 0.633333 0.666667</float_array>
        <technique_common>
          <accessor source="#mixamorig_LeftArm-Matrix-animation-input-array" count="21">
            <param name="TIME" type="float"/>
          </accessor>
        </technique_common>
      </source>
      <source id="mixamorig_LeftArm-Matrix-animation-output-transform">
        <float_array id="mixamorig_LeftArm-Matrix-animation-output-transform-array" count="336">

0.974640 0.081856 0.208271 0.000000 0.044981 0.840042 -0.540654 14.448800 -0.219212 0.536311 0.815056 0.000000 0.000000 0.000000 0.000000 1.000000
0.957122 0.209695 0.199863 0.000000 -0.054133 0.807249 -0.587723 14.448800 -0.284582 0.551704 0.783987 -0.000000 0.000000 0.000000 0.000000 1.000000
0.911991 0.354460 0.206471 -0.000000 -0.152577 0.760332 -0.631360 14.448800 -0.380778 0.544292 0.747498 0.000000 0.000000 0.000000 0.000000 1.000000
0.844535 0.491914 0.211615 -0.000000 -0.236883 0.697585 -0.676211 14.448800 -0.480257 0.520956 0.705661 0.000000 0.000000 0.000000 0.000000 1.000000
0.780740 0.591091 0.202627 0.000000 -0.296961 0.636310 -0.711986 14.448800 -0.549782 0.495703 0.672323 0.000000 0.000000 0.000000 0.000000 1.000000
0.746382 0.639710 0.183533 0.000000 -0.331606 0.596580 -0.730842 14.448800 -0.577019 0.484627 0.657409 0.000000 0.000000 0.000000 0.000000 1.000000
0.746208 0.646150 0.160198 0.000000 -0.343283 0.579664 -0.739017 14.448800 -0.570377 0.496468 0.654362 -0.000000 0.000000 0.000000 0.000000 1.000000
0.775646 0.616936 0.133276 0.000000 -0.338950 0.585272 -0.736593 14.448800 -0.532433 0.526162 0.663075 0.000000 0.000000 0.000000 0.000000 1.000000
0.830871 0.545388 0.110480 0.000000 -0.320181 0.630935 -0.706686 14.448800 -0.455124 0.551791 0.698848 0.000000 0.000000 0.000000 0.000000 1.000000
0.901642 0.418831 0.107806 0.000000 -0.260947 0.725636 -0.636678 14.448800 -0.344889 0.545923 0.763557 0.000000 0.000000 0.000000 0.000000 1.000000
0.963440 0.232858 0.132515 -0.000000 -0.127658 0.833820 -0.537073 14.448800 -0.235556 0.500521 0.833062 -0.000000 0.000000 0.000000 0.000000 1.000000
0.984084 0.023551 0.176135 0.000000 0.055785 0.900132 -0.432031 14.448800 -0.168720 0.434980 0.884492 0.000000 0.000000 0.000000 0.000000 1.000000
0.964519 -0.145727 0.220153 0.000000 0.215305 0.916762 -0.336440 14.448800 -0.152800 0.371902 0.915610 0.000000 0.000000 0.000000 0.000000 1.000000
0.936884 -0.255764 0.238398 0.000000 0.314911 0.913522 -0.257505 14.448800 -0.151922 0.316326 0.936407 0.000000 0.000000 0.000000 0.000000 1.000000
0.920435 -0.325650 0.216221 0.000000 0.368869 0.906652 -0.204738 14.448800 -0.129364 0.268206 0.954636 0.000000 0.000000 0.000000 0.000000 1.000000
0.917020 -0.359377 0.172983 0.000000 0.389267 0.900910 -0.191916 14.448800 -0.086872 0.243328 0.966046 -0.000000 0.000000 0.000000 0.000000 1.000000
0.928622 -0.338834 0.151173 0.000000 0.366176 0.902631 -0.226214 14.448800 -0.059804 0.265424 0.962275 0.000000 0.000000 0.000000 0.000000 1.000000
