<?xml version="1.0" encoding="utf-8"?>
<COLLADA xmlns="http://www.collada.org/2005/11/COLLADASchema" version="1.4.1">
  <asset>
    <contributor>
      <author>Mixamo</author>
      <authoring_tool>COLLADA Mixamo exporter</authoring_tool>
      <comments/>
    </contributor>
    <created>2024-12-15T19:28:18Z</created>
    <modified>2024-12-15T19:28:18Z</modified>
    <revision/>
    <title/>
    <unit meter="0.010000"/>
    <up_axis>Y_UP</up_axis>
  </asset>
  <library_animations>
    <animation id="mixamorig_Hips-anim" name="mixamorig_Hips">
      <source id="mixamorig_Hips-Matrix-animation-input">
        <float_array id="mixamorig_Hips-Matrix-animation-input-array" count="20">

0.000000 0.033333 0.066667 0.100000 0.133333 0.166667 0.200000 0.233333 0.266667 0.300000 0.333333 0.366667 0.400000 0.433333 0.466667 0.500000
0.533333 0.566667 0.600000 0.633333</float_array>
        <technique_common>
          <accessor source="#mixamorig_Hips-Matrix-animation-input-array" count="20">
            <param name="TIME" type="float"/>
          </accessor>
        </technique_common>
      </source>
      <source id="mixamorig_Hips-Matrix-animation-output-transform">
        <float_array id="mixamorig_Hips-Matrix-animation-output-transform-array" count="320">

0.999306 -0.001348 0.037225 0.379171 0.001415 0.999997 -0.001778 92.597122 -0.037223 0.001829 0.999305 1.127964 0.000000 0.000000 0.000000 1.000000
0.999004 0.017250 0.041158 -0.232583 -0.018092 0.999633 0.020171 91.791916 -0.040795 -0.020896 0.998949 2.672720 0.000000 0.000000 0.000000 1.000000
0.992941 0.024268 0.116104 -0.596964 -0.030774 0.998035 0.054574 92.434807 -0.114551 -0.057762 0.991737 4.215620 0.000000 0.000000 0.000000 1.000000
0.981969 0.029782 0.186682 -0.598418 -0.043689 0.996531 0.070831 93.698868 -0.183925 -0.077710 0.979864 4.728157 0.000000 0.000000 0.000000 1.000000
0.980856 0.039339 0.190720 -0.440565 -0.049225 0.997663 0.047378 95.313126 -0.188411 -0.055859 0.980500 4.694716 0.000000 0.000000 0.000000 1.000000
0.987567 0.049651 0.149149 -0.210987 -0.050887 0.998694 0.004477 96.694000 -0.148732 -0.012011 0.988805 5.119731 0.000000 0.000000 0.000000 1.000000
0.991734 0.062699 0.111949 0.255653 -0.058777 0.997548 -0.037993 97.253647 -0.114056 0.031099 0.992987 4.372767 0.000000 0.000000 0.000000 1.000000
0.993291 0.073997 0.088863 1.013172 -0.069230 0.996052 -0.055574 97.070915 -0.092624 0.049050 0.994492 2.845656 0.000000 0.000000 0.000000 1.000000
0.994432 0.075725 0.073280 1.756703 -0.072910 0.996522 -0.040354 94.623787 -0.076081 0.034786 0.996495 2.396167 0.000000 0.000000 0.000000 1.000000
0.997030 0.054756 0.054165 2.386644 -0.054606 0.998499 -0.004251 91.900780 -0.054316 0.001281 0.998523 1.908378 0.000000 0.000000 0.000000 1.000000
0.999549 0.021741 0.020706 2.895847 -0.022057 0.999641 0.015179 90.179863 -0.020369 -0.015629 0.999670 1.950203 0.000000 0.000000 0.000000 1.000000
0.999882 0.006615 -0.013874 3.268082 -0.006215 0.999570 0.028670 90.455772 0.014057 -0.028581 0.999493 2.800248 0.000000 0.000000 0.000000 1.000000
0.999569 -0.002221 -0.029273 3.261760 0.003903 0.998336 0.057532 91.931290 0.029097 -0.057621 0.997914 3.440168 0.000000 0.000000 0.000000 1.000000
0.999804 -0.017927 -0.008448 2.666346 0.018443 0.997678 0.065558 94.062775 0.007253 -0.065701 0.997813 3.232162 0.000000 0.000000 0.000000 1.000000
0.998481 -0.031325 0.045328 2.006099 0.029709 0.998914 0.035888 96.210449 -0.046403 -0.034487 0.998327 3.707712 0.000000 0.000000 0.000000 1.000000
0.994615 -0.034078 0.097879 1.445853 0.035705 0.999251 -0.014915 97.543533 -0.097297 0.018329 0.995087 2.983503 0.000000 0.000000 0.000000 1.000000
0.991568 -0.026091 0.126931 1.053597 0.031992 0.998489 -0.044672 97.590660 -0.125574 0.048356 0.990905 2.046920 0.000000 0.000000 0.000000 1.000000
0.992742 -0.023905 0.117861 0.859018 0.028819 0.998778 -0.040161 96.338951 -0.116757 0.043266 0.992218 1.907974 0.000000 0.000000 0.000000 1.000000
0.997265 -0.022727 0.070327 0.683122 0.023564 0.999661 -0.011102 94.376274 -0.070051 0.012729 0.997462 1.446648 0.000000 0.000000 0.000000 1.000000
0.999306 -0.001348 0.037225 0.379165 0.001415 0.999997 -0.001778 92.597122 -0.037223 0.001829 0.999305 1.127964 0.000000 0.000000 0.000000 1.000000</float_array>
        <technique_common>
          <accessor source="#mixamorig_Hips-Matrix-animation-output-transform-array" count="20" stride="16">
            <param type="float4x4"/>
          </accessor>
        </technique_common>
      </source>
      <source id="mixamorig_Hips-Interpolations">
        <Name_array id="mixamorig_Hips-Interpolations-array" count="20">
 LINEAR LINEAR LINEAR LINEAR LINEAR LINEAR LINEAR LINEAR LINEAR LINEAR LINEAR
LINEAR LINEAR LINEAR LINEAR LINEAR LINEAR LINEAR LINEAR LINEAR</Name_array>
        <technique_common>
          <accessor source="#mixamorig_Hips-Interpolations-array" count="20">
            <param type="name"/>
          </accessor>
        </technique_common>
      </source>
      <sampler id="mixamorig_Hips-Matrix-animation-transform">
        <input semantic="INPUT" source="#mixamorig_Hips-Matrix-animation-input"/>
        <input semantic="OUTPUT" source="#mixamorig_Hips-Matrix-animation-output-transform"/>
        <input semantic="INTERPOLATION" source="#mixamorig_Hips-Interpolations"/>
      </sampler>
      <channel source="#mixamorig_Hips-Matrix-animation-transform" target="mixamorig_Hips/matrix"/>
    </animation>
    <animation id="mixamorig_Spine-anim" name="mixamorig_Spine">
      <source id="mixamorig_Spine-Matrix-animation-input">
        <float_array id="mixamorig_Spine-Matrix-animation-input-array" count="20">

0.000000 0.033333 0.066667 0.100000 0.133333 0.166667 0.200000 0.233333 0.266667 0.300000 0.333333 0.366667 0.400000 0.433333 0.466667 0.500000
0.533333 0.566667 0.600000 0.633333</float_array>
        <technique_common>
          <accessor source="#mixamorig_Spine-Matrix-animation-input-array" count="20">
            <param name="TIME" type="float"/>
          </accessor>
        </technique_common>
      </source>
      <source id="mixamorig_Spine-Matrix-animation-output-transform">
        <float_array id="mixamorig_Spine-Matrix-animation-output-transform-array" count="320">

0.999013 -0.024171 0.037263 -0.038100 0.028747 0.991409 -0.127602 9.490500 -0.033859 0.128548 0.991125 -1.392100 0.000000 0.000000 0.000000 1.000000
0.999442 -0.032966 -0.005300 -0.038100 0.032103 0.992392 -0.118855 9.490500 0.009178 0.118619 0.992897 -1.392100 0.000000 0.000000 0.000000 1.000000
0.995301 -0.038201 -0.088974 -0.038100 0.027383 0.992423 -0.119778 9.490500 0.092876 0.116779 0.988806 -1.392100 0.000000 0.000000 0.000000 1.000000
0.985757 -0.034872 -0.164521 -0.038100 0.015841 0.993170 -0.115599 9.490500 0.167429 0.111347 0.979576 -1.392100 0.000000 0.000000 0.000000 1.000000
0.983577 -0.018557 -0.179531 -0.038100 0.005224 0.997211 -0.074453 9.490500 0.180412 0.072292 0.980931 -1.392100 0.000000 0.000000 0.000000 1.000000
0.990430 0.000241 -0.138013 -0.038100 -0.002380 0.999880 -0.015333 9.490500 0.137993 0.015515 0.990312 -1.392100 0.000000 0.000000 0.000000 1.000000
0.996223 0.003897 -0.086748 -0.038100 -0.003870 0.999992 0.000477 9.490500 0.086749 -0.000140 0.996230 -1.392100 0.000000 0.000000 0.000000 1.000000
0.998216 -0.005507 -0.059456 -0.038100 0.003482 0.999412 -0.034109 9.490500 0.059608 0.033841 0.997648 -1.392100 0.000000 0.000000 0.000000 1.000000
0.998544 -0.004092 -0.053788 -0.038100 -0.000340 0.996622 -0.082125 9.490500 0.053942 0.082024 0.995169 -1.392100 0.000000 0.000000 0.000000 1.000000
0.999066 0.017617 -0.039463 -0.038100 -0.022312 0.992296 -0.121862 9.490500 0.037012 0.122628 0.991762 -1.392100 0.000000 0.000000 0.000000 1.000000
0.999007 0.043866 0.007761 -0.038100 -0.042369 0.989437 -0.138633 9.490500 -0.013760 0.138166 0.990313 -1.392100 0.000000 0.000000 0.000000 1.000000
0.995537 0.053410 0.077798 -0.038100 -0.042150 0.989283 -0.139793 9.490500 -0.084431 0.135890 0.987120 -1.392100 0.000000 0.000000 0.000000 1.000000
0.989519 0.051373 0.134958 -0.038100 -0.031906 0.989261 -0.142634 9.490500 -0.140837 0.136833 0.980531 -1.392100 0.000000 0.000000 0.000000 1.000000
0.986358 0.051333 0.156408 -0.038100 -0.031898 0.991728 -0.124328 9.490500 -0.161497 0.117642 0.979836 -1.392100 0.000000 0.000000 0.000000 1.000000
0.988380 0.047559 0.144372 -0.038100 -0.037128 0.996559 -0.074106 9.490500 -0.147399 0.067885 0.986745 -1.392100 0.000000 0.000000 0.000000 1.000000
0.992708 0.035786 0.115110 -0.038100 -0.030955 0.998574 -0.043483 9.490500 -0.116502 0.039603 0.992401 -1.392100 0.000000 0.000000 0.000000 1.000000
0.995429 0.017957 0.093803 -0.038100 -0.013114 0.998561 -0.051995 9.490500 -0.094601 0.050527 0.994232 -1.392100 0.000000 0.000000 0.000000 1.000000
0.996475 0.004672 0.083765 -0.038100 0.001671 0.997145 -0.075493 9.490500 -0.083879 0.075367 0.993622 -1.392100 0.000000 0.000000 0.000000 1.000000
0.997796 -0.004721 0.066181 -0.038100 0.011710 0.994337 -0.105627 9.490500 -0.065308 0.106169 0.992201 -1.392100 0.000000 0.000000 0.000000 1.000000
0.999013 -0.024171 0.037263 -0.038100 0.028747 0.991409 -0.127602 9.490500 -0.033859 0.128548 0.991125 -1.392100 0.000000 0.000000 0.000000 1.000000</float_array>
        <technique_common>
          <accessor source="#mixamorig_Spine-Matrix-animation-output-transform-array" count="20" stride="16">
            <param type="float4x4"/>
          </accessor>
        </technique_common>
      </source>
      <source id="mixamorig_Spine-Interpolations">
        <Name_array id="mixamorig_Spine-Interpolations-array" count="20">
 LINEAR LINEAR LINEAR LINEAR LINEAR LINEAR LINEAR LINEAR LINEAR LINEAR LINEAR
LINEAR LINEAR LINEAR LINEAR LINEAR LINEAR LINEAR LINEAR LINEAR</Name_array>
        <technique_common>
          <accessor source="#mixamorig_Spine-Interpolations-array" count="20">
            <param type="name"/>
          </accessor>
        </technique_common>
      </source>
      <sampler id="mixamorig_Spine-Matrix-animation-transform">
        <input semantic="INPUT" source="#mixamorig_Spine-Matrix-animation-input"/>
        <input semantic="OUTPUT" source="#mixamorig_Spine-Matrix-animation-output-transform"/>
        <input semantic="INTERPOLATION" source="#mixamorig_Spine-Interpolations"/>
      </sampler>
      <channel source="#mixamorig_Spine-Matrix-animation-transform" target="mixamorig_Spine/matrix"/>
    </animation>
    <animation id="mixamorig_Spine1-anim" name="mixamorig_Spine1">
      <source id="mixamorig_Spine1-Matrix-animation-input">
        <float_array id="mixamorig_Spine1-Matrix-animation-input-array" count="20">

0.000000 0.033333 0.066667 0.100000 0.133333 0.166667 0.200000 0.233333 0.266667 0.300000 0.333333 0.366667 0.400000 0.433333 0.466667 0.500000
0.533333 0.566667 0.600000 0.633333</float_array>
        <technique_common>
          <accessor source="#mixamorig_Spine1-Matrix-animation-input-array" count="20">
            <param name="TIME" type="float"/>
          </accessor>
        </technique_common>
      </source>
      <source id="mixamorig_Spine1-Matrix-animation-output-transform">
        <float_array id="mixamorig_Spine1-Matrix-animation-output-transform-array" count="320">

0.999928 -0.009231 0.007670 0.000000 0.009569 0.998933 -0.045177 11.190800 -0.007245 0.045247 0.998950 0.000000 0.000000 0.000000 0.000000 1.000000
0.999933 -0.010875 -0.003838 0.000000 0.010694 0.998959 -0.044345 11.190800 0.004317 0.044301 0.999009 0.000000 0.000000 0.000000 0.000000 1.000000
0.999649 -0.006905 -0.025573 0.000000 0.005863 0.999158 -0.040610 11.190800 0.025832 0.040446 0.998848 0.000000 0.000000 0.000000 0.000000 1.000000
0.998987 -0.000333 -0.045001 -0.000000 -0.001423 0.999239 -0.038979 11.190800 0.044980 0.039003 0.998226 -0.000000 0.000000 0.000000 0.000000 1.000000
0.998805 0.002363 -0.048825 -0.000000 -0.004815 0.998729 -0.050169 11.190800 0.048644 0.050345 0.997547 0.000000 0.000000 0.000000 0.000000 1.000000
0.999276 0.000018 -0.038049 0.000000 -0.002485 0.997896 -0.064790 11.190800 0.037967 0.064838 0.997173 0.000000 0.000000 0.000000 0.000000 1.000000
0.999692 -0.002855 -0.024636 0.000000 0.001338 0.998115 -0.061354 11.190800 0.024765 0.061303 0.997812 -0.000000 0.000000 0.000000 0.000000 1.000000
0.999840 -0.003877 -0.017478 0.000000 0.003050 0.998886 -0.047096 11.190800 0.017641 0.047035 0.998737 -0.000000 0.000000 0.000000 0.000000 1.000000
0.999870 -0.004049 -0.015586 0.000000 0.003388 0.999105 -0.042160 11.190800 0.015743 0.042101 0.998989 0.000000 0.000000 0.000000 0.000000 1.000000
0.999931 -0.003608 -0.011148 0.000000 0.003103 0.998981 -0.045015 11.190800 0.011300 0.044978 0.998924 0.000000 0.000000 0.000000 0.000000 1.000000
0.999992 -0.003301 0.002183 -0.000000 0.003401 0.998873 -0.047346 11.190800 -0.002024 0.047353 0.998876 0.000000 0.000000 0.000000 0.000000 1.000000
0.999765 -0.004629 0.021197 -0.000000 0.005635 0.998848 -0.047652 11.190800 -0.020952 0.047760 0.998639 0.000000 0.000000 0.000000 0.000000 1.000000
0.999322 -0.007246 0.036091 -0.000000 0.008935 0.998862 -0.046856 11.190800 -0.035711 0.047146 0.998249 -0.000000 0.000000 0.000000 0.000000 1.000000
0.999107 -0.009753 0.041119 0.000000 0.011878 0.998590 -0.051746 11.190800 -0.040557 0.052188 0.997813 0.000000 0.000000 0.000000 0.000000 1.000000
0.999252 -0.009903 0.037370 0.000000 0.012179 0.998053 -0.061171 11.190800 -0.036692 0.061581 0.997427 -0.000000 0.000000 0.000000 0.000000 1.000000
0.999524 -0.008012 0.029780 -0.000000 0.009747 0.998235 -0.058590 11.190800 -0.029258 0.058853 0.997838 0.000000 0.000000 0.000000 0.000000 1.000000
0.999678 -0.008487 0.023926 -0.000000 0.009642 0.998774 -0.048552 11.190800 -0.023484 0.048767 0.998534 0.000000 0.000000 0.000000 0.000000 1.000000
0.999737 -0.010238 0.020518 0.000000 0.011174 0.998879 -0.045998 11.190800 -0.020024 0.046215 0.998731 0.000000 0.000000 0.000000 0.000000 1.000000
0.999834 -0.009276 0.015685 0.000000 0.009996 0.998870 -0.046454 11.190800 -0.015237 0.046603 0.998797 0.000000 0.000000 0.000000 0.000000 1.000000
0.999928 -0.009231 0.007670 0.000000 0.009569 0.998933 -0.045177 11.190800 -0.007245 0.045247 0.998950 0.000000 0.000000 0.000000 0.000000 1.000000</float_array>
        <technique_common>
          <accessor source="#mixamorig_Spine1-Matrix-animation-output-transform-array" count="20" stride="16">
            <param type="float4x4"/>
          </accessor>
        </technique_common>
      </source>
      <source id="mixamorig_Spine1-Interpolations">
        <Name_array id="mixamorig_Spine1-Interpolations-array" count="20">
 LINEAR LINEAR LINEAR LINEAR LINEAR LINEAR LINEAR LINEAR LINEAR LINEAR LINEAR
LINEAR LINEAR LINEAR LINEAR LINEAR LINEAR LINEAR LINEAR LINEAR</Name_array>
        <technique_common>
          <accessor source="#mixamorig_Spine1-Interpolations-array" count="20">
            <param type="name"/>
          </accessor>
        </technique_common>
      </source>
      <sampler id="mixamorig_Spine1-Matrix-animation-transform">
        <input semantic="INPUT" source="#mixamorig_Spine1-Matrix-animation-input"/>
        <input semantic="OUTPUT" source="#mixamorig_Spine1-Matrix-animation-output-transform"/>
        <input semantic="INTERPOLATION" source="#mixamorig_Spine1-Interpolations"/>
      </sampler>
      <channel source="#mixamorig_Spine1-Matrix-animation-transform" target="mixamorig_Spine1/matrix"/>
    </animation>
    <animation id="mixamorig_Spine2-anim" name="mixamorig_Spine2">
      <source id="mixamorig_Spine2-Matrix-animation-input">
        <float_array id="mixamorig_Spine2-Matrix-animation-input-array" count="20">

0.000000 0.033333 0.066667 0.100000 0.133333 0.166667 0.200000 0.233333 0.266667 0.300000 0.333333 0.366667 0.400000 0.433333 0.466667 0.500000
0.533333 0.566667 0.600000 0.633333</float_array>
        <technique_common>
          <accessor source="#mixamorig_Spine2-Matrix-animation-input-array" count="20">
            <param name="TIME" type="float"/>
          </accessor>
        </technique_common>
      </source>
      <source id="mixamorig_Spine2-Matrix-animation-output-transform">
        <float_array id="mixamorig_Spine2-Matrix-animation-output-transform-array" count="320">

0.999960 -0.003967 0.007980 0.000000 0.005409 0.981822 -0.189729 12.789500 -0.007082 0.189764 0.981804 -0.000000 0.000000 0.000000 0.000000 1.000000
0.999966 -0.007585 -0.003181 0.000000 0.006848 0.981990 -0.188811 12.789500 0.004556 0.188783 0.982008 0.000000 0.000000 0.000000 0.000000 1.000000
0.999660 -0.007406 -0.025009 0.000000 0.002650 0.982715 -0.185107 12.789500 0.025948 0.184978 0.982400 0.000000 0.000000 0.000000 0.000000 1.000000
0.998984 -0.004071 -0.044873 0.000000 -0.004243 0.982985 -0.183635 12.789500 0.044858 0.183639 0.981970 0.000000 0.000000 0.000000 0.000000 1.000000
0.998798 -0.001507 -0.048995 -0.000000 -0.008073 0.980820 -0.194750 12.789500 0.048349 0.194912 0.979628 -0.000000 0.000000 0.000000 0.000000 1.000000
0.999269 -0.001604 -0.038193 0.000000 -0.006420 0.977885 -0.209046 12.789500 0.037684 0.209139 0.977160 0.000000 0.000000 0.000000 0.000000 1.000000
0.999693 -0.002529 -0.024663 -0.000000 -0.002596 0.978636 -0.205582 12.789500 0.024656 0.205583 0.978329 0.000000 0.000000 0.000000 0.000000 1.000000
0.999844 -0.002871 -0.017437 -0.000000 -0.000522 0.981482 -0.191554 12.789500 0.017664 0.191533 0.981327 -0.000000 0.000000 0.000000 0.000000 1.000000
0.999875 -0.002865 -0.015561 0.000000 -0.000090 0.982416 -0.186705 12.789500 0.015823 0.186683 0.982293 -0.000000 0.000000 0.000000 0.000000 1.000000
0.999934 -0.001634 -0.011369 0.000000 -0.000550 0.981877 -0.189518 12.789500 0.011473 0.189511 0.981811 0.000000 0.000000 0.000000 0.000000 1.000000
0.999998 0.000935 0.001603 -0.000000 -0.000610 0.981427 -0.191833 12.789500 -0.001753 0.191831 0.981426 -0.000000 0.000000 0.000000 0.000000 1.000000
0.999786 0.002893 0.020470 0.000000 0.001096 0.981354 -0.192207 12.789500 -0.020644 0.192188 0.981141 0.000000 0.000000 0.000000 0.000000 1.000000
0.999366 0.002860 0.035483 0.000000 0.003992 0.981479 -0.191531 12.789500 -0.035374 0.191551 0.980845 0.000000 0.000000 0.000000 0.000000 1.000000
0.999167 0.000975 0.040788 0.000000 0.007060 0.980501 -0.196385 12.789500 -0.040184 0.196510 0.979678 0.000000 0.000000 0.000000 0.000000 1.000000
0.999307 -0.000142 0.037223 -0.000000 0.007797 0.978611 -0.205573 12.789500 -0.036397 0.205721 0.977934 0.000000 0.000000 0.000000 0.000000 1.000000
0.999562 0.000600 0.029600 0.000000 0.005422 0.979170 -0.202967 12.789500 -0.029105 0.203039 0.978738 -0.000000 0.000000 0.000000 0.000000 1.000000
0.999715 -0.000491 0.023859 0.000000 0.005091 0.981162 -0.193119 12.789500 -0.023314 0.193185 0.980885 -0.000000 0.000000 0.000000 0.000000 1.000000
0.999783 -0.002731 0.020667 -0.000000 0.006622 0.981641 -0.190623 12.789500 -0.019767 0.190718 0.981446 0.000000 0.000000 0.000000 0.000000 1.000000
0.999871 -0.002665 0.015825 0.000000 0.005640 0.981568 -0.191029 12.789500 -0.015024 0.191094 0.981457 0.000000 0.000000 0.000000 0.000000 1.000000
0.999960 -0.003967 0.007980 0.000000 0.005409 0.981822 -0.189729 12.789500 -0.007082 0.189764 0.981804 0.000000 0.000000 0.000000 0.000000 1.000000</float_array>
        <technique_common>
          <accessor source="#mixamorig_Spine2-Matrix-animation-output-transform-array" count="20" stride="16">
            <param type="float4x4"/>
          </accessor>
        </technique_common>
      </source>
      <source id="mixamorig_Spine2-Interpolations">
        <Name_array id="mixamorig_Spine2-Interpolations-array" count="20">
 LINEAR LINEAR LINEAR LINEAR LINEAR LINEAR LINEAR LINEAR LINEAR LINEAR LINEAR
LINEAR LINEAR LINEAR LINEAR LINEAR LINEAR LINEAR LINEAR LINEAR</Name_array>
        <technique_common>
          <accessor source="#mixamorig_Spine2-Interpolations-array" count="20">
            <param type="name"/>
          </accessor>
        </technique_common>
      </source>
      <sampler id="mixamorig_Spine2-Matrix-animation-transform">
        <input semantic="INPUT" source="#mixamorig_Spine2-Matrix-animation-input"/>
        <input semantic="OUTPUT" source="#mixamorig_Spine2-Matrix-animation-output-transform"/>
        <input semantic="INTERPOLATION" source="#mixamorig_Spine2-Interpolations"/>
      </sampler>
      <channel source="#mixamorig_Spine2-Matrix-animation-transform" target="mixamorig_Spine2/matrix"/>
    </animation>
    <animation id="mixamorig_Neck-anim" name="mixamorig_Neck">
      <source id="mixamorig_Neck-Matrix-animation-input">
        <float_array id="mixamorig_Neck-Matrix-animation-input-array" count="20">

0.000000 0.033333 0.066667 0.100000 0.133333 0.166667 0.200000 0.233333 0.266667 0.300000 0.333333 0.366667 0.400000 0.433333 0.466667 0.500000
0.533333 0.566667 0.600000 0.633333</float_array>
        <technique_common>
          <accessor source="#mixamorig_Neck-Matrix-animation-input-array" count="20">
            <param name="TIME" type="float"/>
          </accessor>
        </technique_common>
      </source>
      <source id="mixamorig_Neck-Matrix-animation-output-transform">
        <float_array id="mixamorig_Neck-Matrix-animation-output-transform-array" count="320">

0.999794 -0.015440 -0.013181 -0.056900 0.015241 0.999771 -0.015054 14.235800 0.013410 0.014850 0.999800 -2.088100 0.000000 0.000000 0.000000 1.000000
0.999918 -0.011291 -0.005985 -0.056900 0.011176 0.999757 -0.018976 14.235800 0.006198 0.018907 0.999802 -2.088100 0.000000 0.000000 0.000000 1.000000
0.999947 -0.010229 0.001263 -0.056900 0.010260 0.999579 -0.027154 14.235800 -0.000984 0.027165 0.999630 -2.088100 0.000000 0.000000 0.000000 1.000000
0.999916 -0.011141 0.006599 -0.056900 0.011354 0.999386 -0.033152 14.235800 -0.006225 0.033224 0.999429 -2.088100 0.000000 0.000000 0.000000 1.000000
0.999893 -0.011971 0.008464 -0.056900 0.012255 0.999336 -0.034301 14.235800 -0.008048 0.034401 0.999376 -2.088100 0.000000 0.000000 0.000000 1.000000
0.999900 -0.012394 0.006833 -0.056900 0.012618 0.999351 -0.033728 14.235800 -0.006411 0.033811 0.999408 -2.088100 0.000000 0.000000 0.000000 1.000000
0.999900 -0.013806 0.003120 -0.056900 0.013900 0.999379 -0.032369 14.235800 -0.002671 0.032409 0.999471 -2.088100 0.000000 0.000000 0.000000 1.000000
0.999873 -0.015930 -0.000033 -0.056900 0.015922 0.999456 -0.028878 14.235800 0.000493 0.028874 0.999583 -2.088100 0.000000 0.000000 0.000000 1.000000
0.999836 -0.018051 -0.001134 -0.056900 0.018019 0.999562 -0.023457 14.235800 0.001557 0.023433 0.999724 -2.088100 0.000000 0.000000 0.000000 1.000000
0.999775 -0.021087 -0.002395 -0.056900 0.021042 0.999627 -0.017413 14.235800 0.002761 0.017358 0.999846 -2.088100 0.000000 0.000000 0.000000 1.000000
0.999690 -0.023752 -0.007436 -0.056900 0.023642 0.999613 -0.014650 14.235800 0.007781 0.014469 0.999865 -2.088100 0.000000 0.000000 0.000000 1.000000
0.999587 -0.023962 -0.015878 -0.056900 0.023661 0.999542 -0.018842 14.235800 0.016322 0.018458 0.999696 -2.088100 0.000000 0.000000 0.000000 1.000000
0.999487 -0.022151 -0.023126 -0.056900 0.021501 0.999377 -0.027996 14.235800 0.023732 0.027484 0.999340 -2.088100 0.000000 0.000000 0.000000 1.000000
0.999454 -0.019763 -0.026488 -0.056900 0.018814 0.999188 -0.035631 14.235800 0.027171 0.035113 0.999014 -2.088100 0.000000 0.000000 0.000000 1.000000
0.999436 -0.019279 -0.027481 -0.056900 0.018278 0.999176 -0.036228 14.235800 0.028157 0.035705 0.998966 -2.088100 0.000000 0.000000 0.000000 1.000000
0.999399 -0.020585 -0.027899 -0.056900 0.019759 0.999368 -0.029553 14.235800 0.028489 0.028984 0.999174 -2.088100 0.000000 0.000000 0.000000 1.000000
0.999431 -0.019572 -0.027480 -0.056900 0.018990 0.999593 -0.021277 14.235800 0.027885 0.020743 0.999396 -2.088100 0.000000 0.000000 0.000000 1.000000
0.999537 -0.017275 -0.025057 -0.056900 0.016825 0.999695 -0.018074 14.235800 0.025362 0.017644 0.999523 -2.088100 0.000000 0.000000 0.000000 1.000000
0.999656 -0.016894 -0.020055 -0.056900 0.016526 0.999695 -0.018367 14.235800 0.020360 0.018029 0.999630 -2.088100 0.000000 0.000000 0.000000 1.000000
0.999794 -0.015440 -0.013181 -0.056900 0.015241 0.999771 -0.015054 14.235800 0.013410 0.014850 0.999800 -2.088100 0.000000 0.000000 0.000000 1.000000</float_array>
        <technique_common>
          <accessor source="#mixamorig_Neck-Matrix-animation-output-transform-array" count="20" stride="16">
            <param type="float4x4"/>
          </accessor>
        </technique_common>
      </source>
      <source id="mixamorig_Neck-Interpolations">
        <Name_array id="mixamorig_Neck-Interpolations-array" count="20">
 LINEAR LINEAR LINEAR LINEAR LINEAR LINEAR LINEAR LINEAR LINEAR LINEAR LINEAR
LINEAR LINEAR LINEAR LINEAR LINEAR LINEAR LINEAR LINEAR LINEAR</Name_array>
        <technique_common>
          <accessor source="#mixamorig_Neck-Interpolations-array" count="20">
            <param type="name"/>
          </accessor>
        </technique_common>
      </source>
      <sampler id="mixamorig_Neck-Matrix-animation-transform">
        <input semantic="INPUT" source="#mixamorig_Neck-Matrix-animation-input"/>
        <input semantic="OUTPUT" source="#mixamorig_Neck-Matrix-animation-output-transform"/>
        <input semantic="INTERPOLATION" source="#mixamorig_Neck-Interpolations"/>
      </sampler>
      <channel source="#mixamorig_Neck-Matrix-animation-transform" target="mixamorig_Neck/matrix"/>
    </animation>
    <animation id="mixamorig_Head-anim" name="mixamorig_Head">
      <source id="mixamorig_Head-Matrix-animation-input">
        <float_array id="mixamorig_Head-Matrix-animation-input-array" count="20">

0.000000 0.033333 0.066667 0.100000 0.133333 0.166667 0.200000 0.233333 0.266667 0.300000 0.333333 0.366667 0.400000 0.433333 0.466667 0.500000
0.533333 0.566667 0.600000 0.633333</float_array>
        <technique_common>
          <accessor source="#mixamorig_Head-Matrix-animation-input-array" count="20">
            <param name="TIME" type="float"/>
          </accessor>
        </technique_common>
      </source>
      <source id="mixamorig_Head-Matrix-animation-output-transform">
        <float_array id="mixamorig_Head-Matrix-animation-output-transform-array" count="320">

0.993590 0.084365 -0.075240 0.000000 -0.066713 0.974945 0.212206 3.280200 0.091258 -0.205826 0.974324 0.313300 0.000000 0.000000 0.000000 1.000000
0.996479 0.079147 -0.027653 0.000000 -0.072621 0.979665 0.187038 3.280200 0.041894 -0.184371 0.981963 0.313300 0.000000 0.000000 0.000000 1.000000
0.997626 0.067419 0.014019 -0.000000 -0.068775 0.985729 0.153653 3.280200 -0.003460 -0.154253 0.988025 0.313300 0.000000 0.000000 0.000000 1.000000
0.997739 0.051641 0.043013 0.000000 -0.056504 0.991066 0.120809 3.280200 -0.036390 -0.122967 0.991743 0.313300 0.000000 0.000000 0.000000 1.000000
0.998163 0.031084 0.051997 0.000000 -0.036721 0.993116 0.111229 3.280200 -0.048182 -0.112934 0.992434 0.313300 0.000000 0.000000 0.000000 1.000000
0.999221 0.008080 0.038639 0.000000 -0.013117 0.991169 0.131954 3.280200 -0.037231 -0.132358 0.990502 0.313300 0.000000 0.000000 0.000000 1.000000
0.999900 -0.007666 0.011852 0.000000 0.005635 0.986642 0.162803 3.280200 -0.012942 -0.162720 0.986587 0.313300 0.000000 0.000000 0.000000 1.000000
0.999882 -0.012376 -0.009133 0.000000 0.013859 0.982462 0.185945 3.280200 0.006672 -0.186049 0.982518 0.313300 0.000000 0.000000 0.000000 1.000000
0.999796 -0.014193 -0.014352 -0.000000 0.016801 0.979245 0.201984 3.280200 0.011188 -0.202184 0.979284 0.313300 0.000000 0.000000 0.000000 1.000000
0.999639 -0.018293 -0.019678 -0.000000 0.022098 0.976394 0.214863 3.280200 0.015283 -0.215220 0.976446 0.313300 0.000000 0.000000 0.000000 1.000000
0.998643 -0.012531 -0.050550 -0.000000 0.023599 0.974131 0.224747 3.280200 0.046427 -0.225635 0.973105 0.313300 0.000000 0.000000 0.000000 1.000000
0.994420 0.009685 -0.105052 0.000000 0.013611 0.975677 0.218791 3.280200 0.104615 -0.219000 0.970100 0.313300 0.000000 0.000000 0.000000 1.000000
0.987189 0.024753 -0.157624 0.000000 0.004432 0.983258 0.182166 3.280200 0.159494 -0.180531 0.970551 0.313300 0.000000 0.000000 0.000000 1.000000
0.980826 0.021835 -0.193656 0.000000 0.005359 0.990306 0.138801 3.280200 0.194810 -0.137178 0.971201 0.313300 0.000000 0.000000 0.000000 1.000000
0.977176 0.024006 -0.211072 -0.000000 0.004747 0.990879 0.134670 3.280200 0.212380 -0.132598 0.968149 0.313300 0.000000 0.000000 0.000000 1.000000
0.975509 0.040231 -0.216249 -0.000000 -0.002380 0.985004 0.172513 3.280200 0.219947 -0.167773 0.960976 0.313300 0.000000 0.000000 0.000000 1.000000
0.974490 0.059451 -0.216416 0.000000 -0.012505 0.977163 0.212124 3.280200 0.224084 -0.204006 0.952978 0.313300 0.000000 0.000000 0.000000 1.000000
0.977796 0.074722 -0.195786 0.000000 -0.028866 0.973390 0.227331 3.280200 0.207562 -0.216632 0.953933 0.313300 0.000000 0.000000 0.000000 1.000000
0.986528 0.081532 -0.141828 0.000000 -0.048572 0.973842 0.221976 3.280200 0.156216 -0.212096 0.964682 0.313300 0.000000 0.000000 0.000000 1.000000
0.993590 0.084365 -0.075240 0.000000 -0.066713 0.974945 0.212206 3.280200 0.091258 -0.205826 0.974324 0.313300 0.000000 0.000000 0.000000 1.000000</float_array>
        <technique_common>
          <accessor source="#mixamorig_Head-Matrix-animation-output-transform-array" count="20" stride="16">
            <param type="float4x4"/>
          </accessor>
        </technique_common>
      </source>
      <source id="mixamorig_Head-Interpolations">
        <Name_array id="mixamorig_Head-Interpolations-array" count="20">
 LINEAR LINEAR LINEAR LINEAR LINEAR LINEAR LINEAR LINEAR LINEAR LINEAR LINEAR
LINEAR LINEAR LINEAR LINEAR LINEAR LINEAR LINEAR LINEAR LINEAR</Name_array>
        <technique_common>
          <accessor source="#mixamorig_Head-Interpolations-array" count="20">
            <param type="name"/>
          </accessor>
        </technique_common>
      </source>
      <sampler id="mixamorig_Head-Matrix-animation-transform">
        <input semantic="INPUT" source="#mixamorig_Head-Matrix-animation-input"/>
        <input semantic="OUTPUT" source="#mixamorig_Head-Matrix-animation-output-transform"/>
        <input semantic="INTERPOLATION" source="#mixamorig_Head-Interpolations"/>
      </sampler>
      <channel source="#mixamorig_Head-Matrix-animation-transform" target="mixamorig_Head/matrix"/>
    </animation>
    <animation id="mixamorig_LeftShoulder-anim" name="mixamorig_LeftShoulder">
      <source id="mixamorig_LeftShoulder-Matrix-animation-input">
        <float_array id="mixamorig_LeftShoulder-Matrix-animation-input-array" count="20">

0.000000 0.033333 0.066667 0.100000 0.133333 0.166667 0.200000 0.233333 0.266667 0.300000 0.333333 0.366667 0.400000 0.433333 0.466667 0.500000
0.533333 0.566667 0.600000 0.633333</float_array>
        <technique_common>
          <accessor source="#mixamorig_LeftShoulder-Matrix-animation-input-array" count="20">
            <param name="TIME" type="float"/>
          </accessor>
        </technique_common>
      </source>
      <source id="mixamorig_LeftShoulder-Matrix-animation-output-transform">
        <float_array id="mixamorig_LeftShoulder-Matrix-animation-output-transform-array" count="320">

0.079058 0.872664 -0.481879 6.728800 0.007390 -0.483892 -0.875096 11.756600 -0.996843 0.065622 -0.044705 -2.058500 0.000000 0.000000 0.000000 1.000000
0.082006 0.878162 -0.471282 6.728800 0.007416 -0.473400 -0.880816 11.756600 -0.996604 0.068737 -0.045335 -2.058500 0.000000 0.000000 0.000000 1.000000
0.105886 0.883326 -0.456644 6.728800 0.006447 -0.459826 -0.887986 11.756600 -0.994357 0.091081 -0.054384 -2.058500 0.000000 0.000000 0.000000 1.000000
0.137283 0.886835 -0.441222 6.728800 0.005657 -0.446134 -0.894948 11.756600 -0.990516 0.120365 -0.066263 -2.058500 0.000000 0.000000 0.000000 1.000000
0.148467 0.886793 -0.437671 6.728800 0.005351 -0.443290 -0.896362 11.756600 -0.988903 0.130738 -0.070559 -2.058500 0.000000 0.000000 0.000000 1.000000
0.141277 0.879892 -0.453687 6.728800 0.004774 -0.458883 -0.888484 11.756600 -0.989959 0.123356 -0.069030 -2.058500 0.000000 0.000000 0.000000 1.000000
0.139498 0.867627 -0.477245 6.728800 0.003844 -0.482429 -0.875927 11.756600 -0.990215 0.120356 -0.070633 -2.058500 0.000000 0.000000 0.000000 1.000000
0.144908 0.859178 -0.490729 6.728800 0.002776 -0.496315 -0.868138 11.756600 -0.989441 0.124438 -0.074305 -2.058500 0.000000 0.000000 0.000000 1.000000
0.144525 0.861922 -0.486007 6.728800 0.002991 -0.491542 -0.870849 11.756600 -0.989497 0.124406 -0.073618 -2.058500 0.000000 0.000000 0.000000 1.000000
0.138668 0.872106 -0.469258 6.728800 0.004101 -0.474337 -0.880334 11.756600 -0.990330 0.120149 -0.069352 -2.058500 0.000000 0.000000 0.000000 1.000000
0.132446 0.875001 -0.465651 6.728800 0.004460 -0.470311 -0.882489 11.756600 -0.991180 0.114805 -0.066193 -2.058500 0.000000 0.000000 0.000000 1.000000
0.116672 0.870218 -0.478652 6.728800 0.004959 -0.482448 -0.875911 11.756600 -0.993158 0.099820 -0.060603 -2.058500 0.000000 0.000000 0.000000 1.000000
0.090834 0.877078 -0.471681 6.728800 0.006927 -0.474184 -0.880399 11.756600 -0.995842 0.076702 -0.049148 -2.058500 0.000000 0.000000 0.000000 1.000000
0.081244 0.893720 -0.441208 6.728800 0.007416 -0.443201 -0.896392 11.756600 -0.996667 0.069554 -0.042635 -2.058500 0.000000 0.000000 0.000000 1.000000
0.092943 0.898558 -0.428899 6.728800 0.007083 -0.431349 -0.902157 11.756600 -0.995646 0.080811 -0.046455 -2.058500 0.000000 0.000000 0.000000 1.000000
0.101539 0.884747 -0.454876 6.728800 0.006376 -0.457808 -0.889028 11.756600 -0.994811 0.087371 -0.052127 -2.058500 0.000000 0.000000 0.000000 1.000000
0.101837 0.860565 -0.499056 6.728800 0.005601 -0.502152 -0.864761 11.756600 -0.994785 0.085270 -0.055958 -2.058500 0.000000 0.000000 0.000000 1.000000
0.098220 0.847947 -0.520902 6.728800 0.005615 -0.523897 -0.851763 11.756600 -0.995149 0.080736 -0.056218 -2.058500 0.000000 0.000000 0.000000 1.000000
0.088341 0.858982 -0.504327 6.728800 0.006675 -0.506806 -0.862035 11.756600 -0.996068 0.072786 -0.050505 -2.058500 0.000000 0.000000 0.000000 1.000000
0.079058 0.872664 -0.481879 6.728800 0.007390 -0.483892 -0.875096 11.756600 -0.996843 0.065623 -0.044705 -2.058500 0.000000 0.000000 0.000000 1.000000</float_array>
        <technique_common>
          <accessor source="#mixamorig_LeftShoulder-Matrix-animation-output-transform-array" count="20" stride="16">
            <param type="float4x4"/>
          </accessor>
        </technique_common>
      </source>
      <source id="mixamorig_LeftShoulder-Interpolations">
        <Name_array id="mixamorig_LeftShoulder-Interpolations-array" count="20">
 LINEAR LINEAR LINEAR LINEAR LINEAR LINEAR LINEAR LINEAR LINEAR LINEAR LINEAR
LINEAR LINEAR LINEAR LINEAR LINEAR LINEAR LINEAR LINEAR LINEAR</Name_array>
        <technique_common>
          <accessor source="#mixamorig_LeftShoulder-Interpolations-array" count="20">
            <param type="name"/>
          </accessor>
        </technique_common>
      </source>
      <sampler id="mixamorig_LeftShoulder-Matrix-animation-transform">
        <input semantic="INPUT" source="#mixamorig_LeftShoulder-Matrix-animation-input"/>
        <input semantic="OUTPUT" source="#mixamorig_LeftShoulder-Matrix-animation-output-transform"/>
        <input semantic="INTERPOLATION" source="#mixamorig_LeftShoulder-Interpolations"/>
      </sampler>
      <channel source="#mixamorig_LeftShoulder-Matrix-animation-transform" target="mixamorig_LeftShoulder/matrix"/>
    </animation>
    <animation id="mixamorig_LeftArm-anim" name="mixamorig_LeftArm">
      <source id="mixamorig_LeftArm-Matrix-animation-input">
        <float_array id="mixamorig_LeftArm-Matrix-animation-input-array" count="20">

0.000000 0.033333 0.066667 0.100000 0.133333 0.166667 0.200000 0.233333 0.266667 0.300000 0.333333 0.366667 0.400000 0.433333 0.466667 0.500000
0.533333 0.566667 0.600000 0.633333</float_array>
        <technique_common>
          <accessor source="#mixamorig_LeftArm-Matrix-animation-input-array" count="20">
            <param name="TIME" type="float"/>
          </accessor>
        </technique_common>
      </source>
      <source id="mixamorig_LeftArm-Matrix-animation-output-transform">
        <float_array id="mixamorig_LeftArm-Matrix-animation-output-transform-array" count="320">

0.848917 0.526426 -0.047063 0.000000 -0.326689 0.452644 -0.829691 14.448800 -0.415468 0.719714 0.556235 0.000000 0.000000 0.000000 0.000000 1.000000
0.889072 0.457253 -0.021706 0.000000 -0.289048 0.523987 -0.801180 14.448800 -0.354968 0.718580 0.598030 -0.000000 0.000000 0.000000 0.000000 1.000000
0.891706 0.452611 -0.002040 -0.000000 -0.307001 0.601509 -0.737521 14.448800 -0.332583 0.658278 0.675321 0.000000 0.000000 0.000000 0.000000 1.000000
0.891128 0.453336 -0.019426 0.000000 -0.363575 0.687758 -0.628333 14.448800 -0.271486 0.566988 0.777702 0.000000 0.000000 0.000000 0.000000 1.000000
0.916913 0.391142 -0.079230 0.000000 -0.379260 0.792222 -0.478066 14.448800 -0.124224 0.468394 0.874743 0.000000 0.000000 0.000000 0.000000 1.000000
0.949140 0.274951 -0.153410 0.000000 -0.312108 0.885829 -0.343359 14.448800 0.041489 0.373777 0.926590 -0.000000 0.000000 0.000000 0.000000 1.000000
0.962140 0.193487 -0.191960 0.000000 -0.244694 0.923411 -0.295696 14.448800 0.120045 0.331473 0.935796 0.000000 0.000000 0.000000 0.000000 1.000000
0.968930 0.193412 -0.154166 0.000000 -0.234583 0.916182 -0.324932 14.448800 0.078399 0.351001 0.933087 0.000000 0.000000 0.000000 0.000000 1.000000
0.973662 0.224111 -0.041909 -0.000000 -0.222420 0.893267 -0.390645 14.448800 -0.050112 0.389678 0.919587 0.000000 0.000000 0.000000 0.000000 1.000000
0.965171 0.245258 0.091073 0.000000 -0.172347 0.857953 -0.483955 14.448800 -0.196830 0.451403 0.870341 0.000000 0.000000 0.000000 0.000000 1.000000
0.935253 0.297560 0.191728 0.000000 -0.137098 0.803855 -0.578810 14.448800 -0.326353 0.515048 0.792603 0.000000 0.000000 0.000000 0.000000 1.000000
0.877942 0.408445 0.249780 0.000000 -0.164046 0.746771 -0.644532 14.448800 -0.449784 0.524887 0.722626 0.000000 0.000000 0.000000 0.000000 1.000000
0.796650 0.546802 0.257599 0.000000 -0.244224 0.681031 -0.690327 14.448800 -0.552905 0.487037 0.676085 0.000000 0.000000 0.000000 0.000000 1.000000
0.693487 0.689747 0.208146 -0.000000 -0.360971 0.582663 -0.728152 14.448800 -0.623519 0.429829 0.653047 0.000000 0.000000 0.000000 0.000000 1.000000
0.588034 0.797227 0.136548 0.000000 -0.461456 0.469319 -0.752860 14.448800 -0.664285 0.379697 0.643861 -0.000000 0.000000 0.000000 0.000000 1.000000
0.563356 0.821537 0.087785 0.000000 -0.489551 0.417503 -0.765527 14.448800 -0.665559 0.388289 0.637387 0.000000 0.000000 0.000000 0.000000 1.000000
0.626620 0.776960 0.060667 0.000000 -0.461568 0.432724 -0.774406 14.448800 -0.627934 0.457257 0.629773 0.000000 0.000000 0.000000 0.000000 1.000000
0.711492 0.702342 0.022227 0.000000 -0.413484 0.444027 -0.794904 14.448800 -0.568164 0.556378 0.606329 -0.000000 0.000000 0.000000 0.000000 1.000000
0.788208 0.614813 -0.027083 0.000000 -0.365859 0.432746 -0.823940 14.448800 -0.494849 0.659345 0.566029 0.000000 0.000000 0.000000 0.000000 1.000000
0.848917 0.526426 -0.047063 0.000000 -0.326689 0.452644 -0.829691 14.448800 -0.415468 0.719714 0.556235 0.000000 0.000000 0.000000 0.000000 1.000000</float_array>
        <technique_common>
          <accessor source="#mixamorig_LeftArm-Matrix-animation-output-transform-array" count="20" stride="16">
            <param type="float4x4"/>
          </accessor>
        </technique_common>
      </source>
      <source id="mixamorig_LeftArm-Interpolations">
        <Name_array id="mixamorig_LeftArm-Interpolations-array" count="20">
 LINEAR LINEAR LINEAR LINEAR LINEAR LINEAR LINEAR LINEAR LINEAR LINEAR LINEAR
LINEAR LINEAR LINEAR LINEAR LINEAR LINEAR LINEAR LINEAR LINEAR</Name_array>
        <technique_common>
          <accessor source="#mixamorig_LeftArm-Interpolations-array" count="20">
            <param type="name"/>
          </accessor>
        </technique_common>
      </source>
      <sampler id="mixamorig_LeftArm-Matrix-animation-transform">
