<?xml version="1.0" encoding="utf-8"?>
<COLLADA xmlns="http://www.collada.org/2005/11/COLLADASchema" version="1.4.1">
  <asset>
    <contributor>
      <author>Mixamo</author>
      <authoring_tool>COLLADA Mixamo exporter</authoring_tool>
      <comments/>
    </contributor>
    <created>2024-12-15T19:23:25Z</created>
    <modified>2024-12-15T19:23:25Z</modified>
    <revision/>
    <title/>
    <unit meter="0.010000"/>
    <up_axis>Y_UP</up_axis>
  </asset>
  <library_animations>
    <animation id="mixamorig_Hips-anim" name="mixamorig_Hips">
      <source id="mixamorig_Hips-Matrix-animation-input">
        <float_array id="mixamorig_Hips-Matrix-animation-input-array" count="20">

0.000000 0.033333 0.066667 0.100000 0.133333 0.166667 0.200000 0.233333 0.266667 0.300000 0.333333 0.366667 0.400000 0.433333 0.466667 0.500000
0.533333 0.566667 0.600000 0.633333</float_array>
        <technique_common>
          <accessor source="#mixamorig_Hips-Matrix-animation-input-array" count="20">
            <param name="TIME" type="float"/>
          </accessor>
        </technique_common>
      </source>
      <source id="mixamorig_Hips-Matrix-animation-output-transform">
        <float_array id="mixamorig_Hips-Matrix-animation-output-transform-array" count="320">

0.991479 0.083272 -0.100173 0.537130 -0.096382 0.986271 -0.134089 94.890717 0.087632 0.142602 0.985893 1.556586 0.000000 0.000000 0.000000 1.000000
0.994919 0.050721 -0.086970 0.269318 -0.062842 0.987748 -0.142842 96.729675 0.078660 0.147581 0.985917 3.751304 0.000000 0.000000 0.000000 1.000000
0.997433 0.015751 -0.069845 -0.128494 -0.027520 0.984904 -0.170897 99.331947 0.066099 0.172381 0.982810 3.383187 0.000000 0.000000 0.000000 1.000000
0.998110 0.012910 -0.060085 -0.445003 -0.023443 0.983743 -0.178046 100.989441 0.056810 0.179118 0.982186 2.521073 0.000000 0.000000 0.000000 1.000000
0.999631 0.006453 -0.026372 -0.617334 -0.010264 0.989075 -0.147055 100.702934 0.025134 0.147272 0.988777 0.806818 0.000000 0.000000 0.000000 1.000000
0.998858 -0.017415 0.044492 -0.392198 0.022481 0.992991 -0.116033 98.571152 -0.042159 0.116901 0.992248 -0.421187 0.000000 0.000000 0.000000 1.000000
0.992266 -0.054465 0.111546 -0.132077 0.067390 0.991009 -0.115586 96.262985 -0.104248 0.122209 0.987014 -0.839625 0.000000 0.000000 0.000000 1.000000
0.983362 -0.112987 0.142243 0.515958 0.133309 0.980768 -0.142557 94.201050 -0.123401 0.159148 0.979512 -3.862460 0.000000 0.000000 0.000000 1.000000
0.978080 -0.138863 0.155168 0.449603 0.165605 0.970474 -0.175373 92.602051 -0.126234 0.197226 0.972197 -4.043321 0.000000 0.000000 0.000000 1.000000
0.983680 -0.094230 0.153279 0.545440 0.124032 0.972267 -0.198275 93.420815 -0.130344 0.214051 0.968087 -1.233973 0.000000 0.000000 0.000000 1.000000
0.986659 -0.052097 0.154241 1.013682 0.083937 0.974572 -0.207757 94.760857 -0.139496 0.217932 0.965943 3.136304 0.000000 0.000000 0.000000 1.000000
0.987438 -0.023965 0.156181 1.517797 0.057315 0.975437 -0.212693 97.660339 -0.147247 0.218972 0.964557 4.309664 0.000000 0.000000 0.000000 1.000000
0.988563 -0.015231 0.150035 1.479210 0.047363 0.975904 -0.212997 100.091927 -0.143176 0.217668 0.965464 4.089912 0.000000 0.000000 0.000000 1.000000
0.989178 -0.007452 0.146532 1.473881 0.036666 0.979576 -0.197704 101.788498 -0.142066 0.200938 0.969248 2.121504 0.000000 0.000000 0.000000 1.000000
0.991190 -0.009641 0.132095 1.414606 0.032424 0.984663 -0.171427 101.395073 -0.128417 0.174199 0.976301 1.539557 0.000000 0.000000 0.000000 1.000000
0.996009 -0.016778 0.087667 1.428130 0.030493 0.987041 -0.157543 99.752060 -0.083887 0.159588 0.983613 0.320631 0.000000 0.000000 0.000000 1.000000
0.999995 -0.001743 0.002637 1.165187 0.002152 0.986457 -0.164004 97.908943 -0.002316 0.164009 0.986456 0.364523 0.000000 0.000000 0.000000 1.000000
0.996375 0.040986 -0.074542 0.753242 -0.052573 0.985585 -0.160806 96.397949 0.066876 0.164142 0.984167 -0.192080 0.000000 0.000000 0.000000 1.000000
0.991288 0.082569 -0.102617 0.737748 -0.096874 0.984925 -0.143313 94.911385 0.089236 0.152005 0.984343 -1.118418 0.000000 0.000000 0.000000 1.000000
0.991479 0.083272 -0.100173 0.537130 -0.096382 0.986271 -0.134089 94.890717 0.087632 0.142602 0.985893 1.556588 0.000000 0.000000 0.000000 1.000000</float_array>
        <technique_common>
          <accessor source="#mixamorig_Hips-Matrix-animation-output-transform-array" count="20" stride="16">
            <param type="float4x4"/>
          </accessor>
        </technique_common>
      </source>
      <source id="mixamorig_Hips-Interpolations">
        <Name_array id="mixamorig_Hips-Interpolations-array" count="20">
 LINEAR LINEAR LINEAR LINEAR LINEAR LINEAR LINEAR LINEAR LINEAR LINEAR LINEAR
LINEAR LINEAR LINEAR LINEAR LINEAR LINEAR LINEAR LINEAR LINEAR</Name_array>
        <technique_common>
          <accessor source="#mixamorig_Hips-Interpolations-array" count="20">
            <param type="name"/>
          </accessor>
        </technique_common>
      </source>
      <sampler id="mixamorig_Hips-Matrix-animation-transform">
        <input semantic="INPUT" source="#mixamorig_Hips-Matrix-animation-input"/>
        <input semantic="OUTPUT" source="#mixamorig_Hips-Matrix-animation-output-transform"/>
        <input semantic="INTERPOLATION" source="#mixamorig_Hips-Interpolations"/>
      </sampler>
      <channel source="#mixamorig_Hips-Matrix-animation-transform" target="mixamorig_Hips/matrix"/>
    </animation>
    <animation id="mixamorig_Spine-anim" name="mixamorig_Spine">
      <source id="mixamorig_Spine-Matrix-animation-input">
        <float_array id="mixamorig_Spine-Matrix-animation-input-array" count="20">

0.000000 0.033333 0.066667 0.100000 0.133333 0.166667 0.200000 0.233333 0.266667 0.300000 0.333333 0.366667 0.400000 0.433333 0.466667 0.500000
0.533333 0.566667 0.600000 0.633333</float_array>
        <technique_common>
          <accessor source="#mixamorig_Spine-Matrix-animation-input-array" count="20">
            <param name="TIME" type="float"/>
          </accessor>
        </technique_common>
      </source>
      <source id="mixamorig_Spine-Matrix-animation-output-transform">
        <float_array id="mixamorig_Spine-Matrix-animation-output-transform-array" count="320">

0.966834 -0.084109 0.241159 -0.038100 0.104296 0.991924 -0.072179 9.490500 -0.233141 0.094937 0.967798 -1.392100 0.000000 0.000000 0.000000 1.000000
0.960717 -0.051608 0.272690 -0.038100 0.053396 0.998573 0.000864 9.490500 -0.272346 0.013731 0.962101 -1.392100 0.000000 0.000000 0.000000 1.000000
0.957199 -0.029576 0.287916 -0.038100 0.008727 0.997262 0.073429 9.490500 -0.289299 -0.067773 0.954837 -1.392100 0.000000 0.000000 0.000000 1.000000
0.956006 -0.040221 0.290578 -0.038100 0.012672 0.995294 0.096073 9.490500 -0.293075 -0.088164 0.952016 -1.392100 0.000000 0.000000 0.000000 1.000000
0.968026 -0.014685 0.250421 -0.038100 0.004911 0.999203 0.039612 9.490500 -0.250803 -0.037116 0.967326 -1.392100 0.000000 0.000000 0.000000 1.000000
0.986040 0.051861 0.158227 -0.038100 -0.045942 0.998109 -0.040841 9.490500 -0.160046 0.033001 0.986558 -1.392100 0.000000 0.000000 0.000000 1.000000
0.991810 0.119745 0.044437 -0.038100 -0.115037 0.988656 -0.096573 9.490500 -0.055497 0.090670 0.994333 -1.392100 0.000000 0.000000 0.000000 1.000000
0.981448 0.183614 -0.055182 -0.038100 -0.188697 0.976032 -0.108419 9.490500 0.033953 0.116820 0.992573 -1.392100 0.000000 0.000000 0.000000 1.000000
0.966181 0.215951 -0.140926 -0.038100 -0.225157 0.972889 -0.052840 9.490500 0.125695 0.082783 0.988609 -1.392100 0.000000 0.000000 0.000000 1.000000
0.959464 0.187557 -0.210361 -0.038100 -0.180275 0.982163 0.053450 9.490500 0.216634 -0.013360 0.976162 -1.392100 0.000000 0.000000 0.000000 1.000000
0.951591 0.149031 -0.268819 -0.038100 -0.110128 0.981839 0.154479 9.490500 0.286959 -0.117396 0.950722 -1.392100 0.000000 0.000000 0.000000 1.000000
0.947136 0.112884 -0.300319 -0.038100 -0.052607 0.978031 0.201713 9.490500 0.316491 -0.175251 0.932266 -1.392100 0.000000 0.000000 0.000000 1.000000
0.949207 0.099048 -0.298657 -0.038100 -0.038267 0.978456 0.202877 9.490500 0.312317 -0.181143 0.932548 -1.392100 0.000000 0.000000 0.000000 1.000000
0.955639 0.085485 -0.281863 -0.038100 -0.037818 0.984647 0.170410 9.490500 0.292103 -0.152191 0.944200 -1.392100 0.000000 0.000000 0.000000 1.000000
0.969811 0.063259 -0.235511 -0.038100 -0.038754 0.993475 0.107264 9.490500 0.240760 -0.094898 0.965934 -1.392100 0.000000 0.000000 0.000000 1.000000
0.988788 0.028239 -0.146633 -0.038100 -0.025830 0.999499 0.018307 9.490500 0.147077 -0.014314 0.989022 -1.392100 0.000000 0.000000 0.000000 1.000000
0.999646 -0.018578 -0.019043 -0.038100 0.017246 0.997545 -0.067876 9.490500 0.020258 0.067524 0.997512 -1.392100 0.000000 0.000000 0.000000 1.000000
0.992759 -0.066380 0.100114 -0.038100 0.077800 0.990331 -0.114856 9.490500 -0.091522 0.121813 0.988325 -1.392100 0.000000 0.000000 0.000000 1.000000
0.977843 -0.095866 0.186101 -0.038100 0.118205 0.986551 -0.112892 9.490500 -0.172775 0.132389 0.976024 -1.392100 0.000000 0.000000 0.000000 1.000000
0.966834 -0.084109 0.241159 -0.038100 0.104295 0.991924 -0.072179 9.490500 -0.233141 0.094937 0.967798 -1.392100 0.000000 0.000000 0.000000 1.000000</float_array>
        <technique_common>
          <accessor source="#mixamorig_Spine-Matrix-animation-output-transform-array" count="20" stride="16">
            <param type="float4x4"/>
          </accessor>
        </technique_common>
      </source>
      <source id="mixamorig_Spine-Interpolations">
        <Name_array id="mixamorig_Spine-Interpolations-array" count="20">
 LINEAR LINEAR LINEAR LINEAR LINEAR LINEAR LINEAR LINEAR LINEAR LINEAR LINEAR
LINEAR LINEAR LINEAR LINEAR LINEAR LINEAR LINEAR LINEAR LINEAR</Name_array>
        <technique_common>
          <accessor source="#mixamorig_Spine-Interpolations-array" count="20">
            <param type="name"/>
          </accessor>
        </technique_common>
      </source>
      <sampler id="mixamorig_Spine-Matrix-animation-transform">
        <input semantic="INPUT" source="#mixamorig_Spine-Matrix-animation-input"/>
        <input semantic="OUTPUT" source="#mixamorig_Spine-Matrix-animation-output-transform"/>
        <input semantic="INTERPOLATION" source="#mixamorig_Spine-Interpolations"/>
      </sampler>
      <channel source="#mixamorig_Spine-Matrix-animation-transform" target="mixamorig_Spine/matrix"/>
    </animation>
    <animation id="mixamorig_Spine1-anim" name="mixamorig_Spine1">
      <source id="mixamorig_Spine1-Matrix-animation-input">
        <float_array id="mixamorig_Spine1-Matrix-animation-input-array" count="20">

0.000000 0.033333 0.066667 0.100000 0.133333 0.166667 0.200000 0.233333 0.266667 0.300000 0.333333 0.366667 0.400000 0.433333 0.466667 0.500000
0.533333 0.566667 0.600000 0.633333</float_array>
        <technique_common>
          <accessor source="#mixamorig_Spine1-Matrix-animation-input-array" count="20">
            <param name="TIME" type="float"/>
          </accessor>
        </technique_common>
      </source>
      <source id="mixamorig_Spine1-Matrix-animation-output-transform">
        <float_array id="mixamorig_Spine1-Matrix-animation-output-transform-array" count="320">

0.999236 -0.027760 0.027507 0.000000 0.026085 0.997889 0.059476 11.190800 -0.029100 -0.058713 0.997851 0.000000 0.000000 0.000000 0.000000 1.000000
0.999170 -0.025771 0.031543 0.000000 0.024652 0.999070 0.035383 11.190800 -0.032426 -0.034576 0.998876 -0.000000 0.000000 0.000000 0.000000 1.000000
0.999247 -0.015120 0.035721 0.000000 0.014791 0.999846 0.009464 11.190800 -0.035858 -0.008928 0.999317 0.000000 0.000000 0.000000 0.000000 1.000000
0.999255 -0.002497 0.038513 0.000000 0.002545 0.999996 -0.001196 11.190800 -0.038510 0.001293 0.999257 0.000000 0.000000 0.000000 0.000000 1.000000
0.999478 -0.005566 0.031823 0.000000 0.005459 0.999979 0.003457 11.190800 -0.031842 -0.003281 0.999488 -0.000000 0.000000 0.000000 0.000000 1.000000
0.999528 -0.027391 0.013931 0.000000 0.027095 0.999413 0.020977 11.190800 -0.014497 -0.020590 0.999683 0.000000 0.000000 0.000000 0.000000 1.000000
0.998625 -0.052034 -0.006290 -0.000000 0.052281 0.997421 0.049168 11.190800 0.003715 -0.049430 0.998771 0.000000 0.000000 0.000000 0.000000 1.000000
0.997515 -0.067118 -0.021435 -0.000000 0.068298 0.995852 0.060119 11.190800 0.017311 -0.061434 0.997961 -0.000000 0.000000 0.000000 0.000000 1.000000
0.996745 -0.073587 -0.032931 0.000000 0.074601 0.996740 0.030720 11.190800 0.030563 -0.033076 0.998985 0.000000 0.000000 0.000000 0.000000 1.000000
0.996901 -0.066654 -0.041781 0.000000 0.066284 0.997749 -0.010185 11.190800 0.042366 0.007384 0.999075 0.000000 0.000000 0.000000 0.000000 1.000000
0.997682 -0.049430 -0.046779 0.000000 0.047875 0.998282 -0.033787 11.190800 0.048369 0.031469 0.998334 0.000000 0.000000 0.000000 0.000000 1.000000
0.997998 -0.041254 -0.047941 0.000000 0.039149 0.998262 -0.044060 11.190800 0.049675 0.042095 0.997878 -0.000000 0.000000 0.000000 0.000000 1.000000
0.997768 -0.047548 -0.046878 0.000000 0.045317 0.997839 -0.047570 11.190800 0.049039 0.045339 0.997767 0.000000 0.000000 0.000000 0.000000 1.000000
0.997259 -0.058325 -0.045527 0.000000 0.056385 0.997491 -0.042812 11.190800 0.047910 0.040127 0.998045 0.000000 0.000000 0.000000 0.000000 1.000000
0.997281 -0.061491 -0.040611 0.000000 0.060445 0.997820 -0.026496 11.190800 0.042152 0.023969 0.998824 -0.000000 0.000000 0.000000 0.000000 1.000000
0.998528 -0.047221 -0.026676 0.000000 0.047195 0.998884 -0.001595 11.190800 0.026721 0.000334 0.999643 -0.000000 0.000000 0.000000 0.000000 1.000000
0.999602 -0.027307 -0.007018 0.000000 0.027467 0.999338 0.023846 11.190800 0.006362 -0.024029 0.999691 -0.000000 0.000000 0.000000 0.000000 1.000000
0.999748 -0.020070 0.010036 0.000000 0.019575 0.998690 0.047272 11.190800 -0.010972 -0.047064 0.998832 0.000000 0.000000 0.000000 0.000000 1.000000
0.999500 -0.023612 0.021006 0.000000 0.022228 0.997711 0.063862 11.190800 -0.022466 -0.063363 0.997738 0.000000 0.000000 0.000000 0.000000 1.000000
0.999236 -0.027760 0.027507 0.000000 0.026085 0.997889 0.059476 11.190800 -0.029100 -0.058713 0.997851 -0.000000 0.000000 0.000000 0.000000 1.000000</float_array>
        <technique_common>
          <accessor source="#mixamorig_Spine1-Matrix-animation-output-transform-array" count="20" stride="16">
            <param type="float4x4"/>
          </accessor>
        </technique_common>
      </source>
      <source id="mixamorig_Spine1-Interpolations">
        <Name_array id="mixamorig_Spine1-Interpolations-array" count="20">
 LINEAR LINEAR LINEAR LINEAR LINEAR LINEAR LINEAR LINEAR LINEAR LINEAR LINEAR
LINEAR LINEAR LINEAR LINEAR LINEAR LINEAR LINEAR LINEAR LINEAR</Name_array>
        <technique_common>
          <accessor source="#mixamorig_Spine1-Interpolations-array" count="20">
            <param type="name"/>
          </accessor>
        </technique_common>
      </source>
      <sampler id="mixamorig_Spine1-Matrix-animation-transform">
        <input semantic="INPUT" source="#mixamorig_Spine1-Matrix-animation-input"/>
        <input semantic="OUTPUT" source="#mixamorig_Spine1-Matrix-animation-output-transform"/>
        <input semantic="INTERPOLATION" source="#mixamorig_Spine1-Interpolations"/>
      </sampler>
      <channel source="#mixamorig_Spine1-Matrix-animation-transform" target="mixamorig_Spine1/matrix"/>
    </animation>
    <animation id="mixamorig_Spine2-anim" name="mixamorig_Spine2">
      <source id="mixamorig_Spine2-Matrix-animation-input">
        <float_array id="mixamorig_Spine2-Matrix-animation-input-array" count="20">

0.000000 0.033333 0.066667 0.100000 0.133333 0.166667 0.200000 0.233333 0.266667 0.300000 0.333333 0.366667 0.400000 0.433333 0.466667 0.500000
0.533333 0.566667 0.600000 0.633333</float_array>
        <technique_common>
          <accessor source="#mixamorig_Spine2-Matrix-animation-input-array" count="20">
            <param name="TIME" type="float"/>
          </accessor>
        </technique_common>
      </source>
      <source id="mixamorig_Spine2-Matrix-animation-output-transform">
        <float_array id="mixamorig_Spine2-Matrix-animation-output-transform-array" count="320">

0.999375 -0.017350 0.030804 0.000000 0.019966 0.996029 -0.086758 12.789500 -0.029177 0.087319 0.995753 -0.000000 0.000000 0.000000 0.000000 1.000000
0.999300 -0.014770 0.034373 0.000000 0.018455 0.993815 -0.109503 12.789500 -0.032543 0.110061 0.993392 0.000000 0.000000 0.000000 0.000000 1.000000
0.999302 -0.004688 0.037073 0.000000 0.009637 0.990872 -0.134463 12.789500 -0.036104 0.134726 0.990225 0.000000 0.000000 0.000000 0.000000 1.000000
0.999260 0.006929 0.037825 0.000000 -0.001316 0.989216 -0.146455 12.789500 -0.038432 0.146297 0.988494 -0.000000 0.000000 0.000000 0.000000 1.000000
0.999501 0.002835 0.031450 0.000000 0.001682 0.989768 -0.142675 12.789500 -0.031533 0.142657 0.989270 0.000000 0.000000 0.000000 0.000000 1.000000
0.999650 -0.019931 0.017370 0.000000 0.021918 0.992176 -0.122907 12.789500 -0.014785 0.123245 0.992266 -0.000000 0.000000 0.000000 0.000000 1.000000
0.998869 -0.047541 0.000973 -0.000000 0.047419 0.994366 -0.094806 12.789500 0.003540 0.094745 0.995495 -0.000000 0.000000 0.000000 0.000000 1.000000
0.997683 -0.066944 -0.012139 0.000000 0.065652 0.994095 -0.086403 12.789500 0.017852 0.085406 0.996186 0.000000 0.000000 0.000000 0.000000 1.000000
0.997005 -0.074183 -0.021879 -0.000000 0.071012 0.990100 -0.121076 12.789500 0.030644 0.119159 0.992402 -0.000000 0.000000 0.000000 0.000000 1.000000
0.997293 -0.066784 -0.030783 -0.000000 0.060150 0.981648 -0.180969 12.789500 0.042303 0.178627 0.983007 0.000000 0.000000 0.000000 0.000000 1.000000
0.998010 -0.050100 -0.038294 -0.000000 0.039981 0.972341 -0.230120 12.789500 0.048764 0.228131 0.972408 0.000000 0.000000 0.000000 0.000000 1.000000
0.998332 -0.040183 -0.041459 0.000000 0.028293 0.966427 -0.255380 12.789500 0.050329 0.253781 0.965951 0.000000 0.000000 0.000000 0.000000 1.000000
0.998155 -0.045461 -0.040245 -0.000000 0.033366 0.964502 -0.261959 12.789500 0.050725 0.260133 0.964240 -0.000000 0.000000 0.000000 0.000000 1.000000
0.997669 -0.057335 -0.037012 -0.000000 0.046292 0.967073 -0.250255 12.789500 0.050142 0.247958 0.967472 -0.000000 0.000000 0.000000 0.000000 1.000000
0.997723 -0.059904 -0.031002 0.000000 0.051863 0.975183 -0.215238 12.789500 0.043126 0.213140 0.976069 0.000000 0.000000 0.000000 0.000000 1.000000
0.998745 -0.046171 -0.019407 0.000000 0.042331 0.985283 -0.165606 12.789500 0.026768 0.164577 0.986001 0.000000 0.000000 0.000000 0.000000 1.000000
0.999623 -0.027269 -0.003204 0.000000 0.026671 0.992090 -0.122662 12.789500 0.006523 0.122530 0.992443 -0.000000 0.000000 0.000000 0.000000 1.000000
0.999776 -0.016965 0.012678 0.000000 0.018102 0.995247 -0.095684 12.789500 -0.010994 0.095892 0.995331 0.000000 0.000000 0.000000 0.000000 1.000000
0.999584 -0.015942 0.024043 0.000000 0.017863 0.996477 -0.081941 12.789500 -0.022652 0.082336 0.996347 0.000000 0.000000 0.000000 0.000000 1.000000
0.999375 -0.017350 0.030804 0.000000 0.019966 0.996029 -0.086758 12.789500 -0.029177 0.087319 0.995753 0.000000 0.000000 0.000000 0.000000 1.000000</float_array>
        <technique_common>
          <accessor source="#mixamorig_Spine2-Matrix-animation-output-transform-array" count="20" stride="16">
            <param type="float4x4"/>
          </accessor>
        </technique_common>
      </source>
      <source id="mixamorig_Spine2-Interpolations">
        <Name_array id="mixamorig_Spine2-Interpolations-array" count="20">
 LINEAR LINEAR LINEAR LINEAR LINEAR LINEAR LINEAR LINEAR LINEAR LINEAR LINEAR
LINEAR LINEAR LINEAR LINEAR LINEAR LINEAR LINEAR LINEAR LINEAR</Name_array>
        <technique_common>
          <accessor source="#mixamorig_Spine2-Interpolations-array" count="20">
            <param type="name"/>
          </accessor>
        </technique_common>
      </source>
      <sampler id="mixamorig_Spine2-Matrix-animation-transform">
        <input semantic="INPUT" source="#mixamorig_Spine2-Matrix-animation-input"/>
        <input semantic="OUTPUT" source="#mixamorig_Spine2-Matrix-animation-output-transform"/>
        <input semantic="INTERPOLATION" source="#mixamorig_Spine2-Interpolations"/>
      </sampler>
      <channel source="#mixamorig_Spine2-Matrix-animation-transform" target="mixamorig_Spine2/matrix"/>
    </animation>
    <animation id="mixamorig_Neck-anim" name="mixamorig_Neck">
      <source id="mixamorig_Neck-Matrix-animation-input">
        <float_array id="mixamorig_Neck-Matrix-animation-input-array" count="20">

0.000000 0.033333 0.066667 0.100000 0.133333 0.166667 0.200000 0.233333 0.266667 0.300000 0.333333 0.366667 0.400000 0.433333 0.466667 0.500000
0.533333 0.566667 0.600000 0.633333</float_array>
        <technique_common>
          <accessor source="#mixamorig_Neck-Matrix-animation-input-array" count="20">
            <param name="TIME" type="float"/>
          </accessor>
        </technique_common>
      </source>
      <source id="mixamorig_Neck-Matrix-animation-output-transform">
        <float_array id="mixamorig_Neck-Matrix-animation-output-transform-array" count="320">

0.997638 0.053298 -0.043326 -0.056900 -0.056499 0.995476 -0.076387 14.235800 0.039059 0.078655 0.996136 -2.088100 0.000000 0.000000 0.000000 1.000000
0.997311 0.049108 -0.054405 -0.056900 -0.054384 0.993483 -0.100173 14.235800 0.049131 0.102862 0.993482 -2.088100 0.000000 0.000000 0.000000 1.000000
0.997083 0.045154 -0.061533 -0.056900 -0.050623 0.994615 -0.090430 14.235800 0.057118 0.093281 0.994000 -2.088100 0.000000 0.000000 0.000000 1.000000
0.996757 0.048899 -0.063912 -0.056900 -0.052870 0.996675 -0.062000 14.235800 0.060668 0.065178 0.996028 -2.088100 0.000000 0.000000 0.000000 1.000000
0.995863 0.068002 -0.060279 -0.056900 -0.070621 0.996600 -0.042446 14.235800 0.057188 0.046527 0.997279 -2.088100 0.000000 0.000000 0.000000 1.000000
0.994636 0.089707 -0.051491 -0.056900 -0.091971 0.994814 -0.043422 14.235800 0.047329 0.047925 0.997729 -2.088100 0.000000 0.000000 0.000000 1.000000
0.994640 0.095922 -0.038607 -0.056900 -0.097871 0.993827 -0.052241 14.235800 0.033358 0.055739 0.997888 -2.088100 0.000000 0.000000 0.000000 1.000000
0.996559 0.079799 -0.022407 -0.056900 -0.080795 0.995585 -0.047784 14.235800 0.018495 0.049430 0.998606 -2.088100 0.000000 0.000000 0.000000 1.000000
0.998655 0.051652 -0.004504 -0.056900 -0.051756 0.998294 -0.027033 14.235800 0.003100 0.027230 0.999624 -2.088100 0.000000 0.000000 0.000000 1.000000
0.999509 0.028960 0.011937 -0.056900 -0.028894 0.999566 -0.005667 14.235800 -0.012096 0.005319 0.999913 -2.088100 0.000000 0.000000 0.000000 1.000000
0.999507 0.020664 0.023652 -0.056900 -0.020779 0.999773 0.004617 14.235800 -0.023551 -0.005106 0.999710 -2.088100 0.000000 0.000000 0.000000 1.000000
0.999336 0.021562 0.029367 -0.056900 -0.021808 0.999729 0.008093 14.235800 -0.029184 -0.008728 0.999536 -2.088100 0.000000 0.000000 0.000000 1.000000
0.999316 0.021724 0.029918 -0.056900 -0.022144 0.999660 0.013776 14.235800 -0.029608 -0.014429 0.999457 -2.088100 0.000000 0.000000 0.000000 1.000000
0.999471 0.018756 0.026575 -0.056900 -0.019365 0.999551 0.022874 14.235800 -0.026134 -0.023376 0.999385 -2.088100 0.000000 0.000000 0.000000 1.000000
0.999633 0.018272 0.019987 -0.056900 -0.018884 0.999346 0.030853 14.235800 -0.019410 -0.031219 0.999324 -2.088100 0.000000 0.000000 0.000000 1.000000
0.999631 0.025008 0.010565 -0.056900 -0.025352 0.999107 0.033806 14.235800 -0.009710 -0.034061 0.999373 -2.088100 0.000000 0.000000 0.000000 1.000000
0.999300 0.037395 -0.001129 -0.056900 -0.037349 0.998912 0.027921 14.235800 0.002172 -0.027860 0.999609 -2.088100 0.000000 0.000000 0.000000 1.000000
0.998672 0.049430 -0.014514 -0.056900 -0.049315 0.998750 0.008158 14.235800 0.014899 -0.007432 0.999861 -2.088100 0.000000 0.000000 0.000000 1.000000
0.998074 0.054768 -0.029129 -0.056900 -0.055647 0.997992 -0.030258 14.235800 0.027414 0.031820 0.999118 -2.088100 0.000000 0.000000 0.000000 1.000000
0.997638 0.053298 -0.043326 -0.056900 -0.056499 0.995476 -0.076387 14.235800 0.039059 0.078654 0.996136 -2.088100 0.000000 0.000000 0.000000 1.000000</float_array>
        <technique_common>
          <accessor source="#mixamorig_Neck-Matrix-animation-output-transform-array" count="20" stride="16">
            <param type="float4x4"/>
          </accessor>
        </technique_common>
      </source>
      <source id="mixamorig_Neck-Interpolations">
        <Name_array id="mixamorig_Neck-Interpolations-array" count="20">
 LINEAR LINEAR LINEAR LINEAR LINEAR LINEAR LINEAR LINEAR LINEAR LINEAR LINEAR
LINEAR LINEAR LINEAR LINEAR LINEAR LINEAR LINEAR LINEAR LINEAR</Name_array>
        <technique_common>
          <accessor source="#mixamorig_Neck-Interpolations-array" count="20">
            <param type="name"/>
          </accessor>
        </technique_common>
      </source>
      <sampler id="mixamorig_Neck-Matrix-animation-transform">
        <input semantic="INPUT" source="#mixamorig_Neck-Matrix-animation-input"/>
        <input semantic="OUTPUT" source="#mixamorig_Neck-Matrix-animation-output-transform"/>
        <input semantic="INTERPOLATION" source="#mixamorig_Neck-Interpolations"/>
      </sampler>
      <channel source="#mixamorig_Neck-Matrix-animation-transform" target="mixamorig_Neck/matrix"/>
    </animation>
    <animation id="mixamorig_Head-anim" name="mixamorig_Head">
      <source id="mixamorig_Head-Matrix-animation-input">
        <float_array id="mixamorig_Head-Matrix-animation-input-array" count="20">

0.000000 0.033333 0.066667 0.100000 0.133333 0.166667 0.200000 0.233333 0.266667 0.300000 0.333333 0.366667 0.400000 0.433333 0.466667 0.500000
0.533333 0.566667 0.600000 0.633333</float_array>
        <technique_common>
          <accessor source="#mixamorig_Head-Matrix-animation-input-array" count="20">
            <param name="TIME" type="float"/>
          </accessor>
        </technique_common>
      </source>
      <source id="mixamorig_Head-Matrix-animation-output-transform">
        <float_array id="mixamorig_Head-Matrix-animation-output-transform-array" count="320">

0.993232 0.004900 -0.116040 -0.000000 0.034669 0.941052 0.336481 3.280200 0.110849 -0.338226 0.934513 0.313300 0.000000 0.000000 0.000000 1.000000
0.984828 0.005854 -0.173432 0.000000 0.047660 0.951873 0.302763 3.280200 0.166857 -0.306436 0.937153 0.313300 0.000000 0.000000 0.000000 1.000000
0.977517 0.008230 -0.210696 -0.000000 0.051257 0.959990 0.275302 3.280200 0.204532 -0.279912 0.937985 0.313300 0.000000 0.000000 0.000000 1.000000
0.974699 0.004843 -0.223471 0.000000 0.057343 0.960889 0.270932 3.280200 0.216043 -0.276891 0.936299 0.313300 0.000000 0.000000 0.000000 1.000000
0.977395 -0.002644 -0.211406 0.000000 0.064650 0.955764 0.286941 3.280200 0.201296 -0.294122 0.934330 0.313300 0.000000 0.000000 0.000000 1.000000
0.983545 -0.010657 -0.180348 0.000000 0.069123 0.944499 0.321160 3.280200 0.166916 -0.328341 0.929694 0.313300 0.000000 0.000000 0.000000 1.000000
0.990516 -0.018777 -0.136112 0.000000 0.067429 0.929555 0.362466 3.280200 0.119717 -0.368206 0.922004 0.313300 0.000000 0.000000 0.000000 1.000000
0.997018 -0.021193 -0.074201 0.000000 0.048622 0.919199 0.390781 3.280200 0.059923 -0.393223 0.917488 0.313300 0.000000 0.000000 0.000000 1.000000
0.999854 -0.014093 0.009654 0.000000 0.009249 0.921757 0.387658 3.280200 -0.014362 -0.387512 0.921753 0.313300 0.000000 0.000000 0.000000 1.000000
0.995111 -0.002489 0.098733 -0.000000 -0.032423 0.936046 0.350381 3.280200 -0.093291 -0.351869 0.931389 0.313300 0.000000 0.000000 0.000000 1.000000
0.986898 0.006315 0.161219 -0.000000 -0.054803 0.952945 0.298147 3.280200 -0.151750 -0.303076 0.940806 0.313300 0.000000 0.000000 0.000000 1.000000
0.982845 0.011978 0.184042 0.000000 -0.060791 0.963162 0.261959 3.280200 -0.174124 -0.268653 0.947368 0.313300 0.000000 0.000000 0.000000 1.000000
0.983236 0.021030 0.181119 0.000000 -0.068906 0.962521 0.262309 3.280200 -0.168815 -0.270392 0.947834 0.313300 0.000000 0.000000 0.000000 1.000000
0.985799 0.034980 0.164246 -0.000000 -0.082288 0.953215 0.290879 3.280200 -0.146386 -0.300263 0.942557 0.313300 0.000000 0.000000 0.000000 1.000000
0.990290 0.045710 0.131289 0.000000 -0.085803 0.944024 0.318522 3.280200 -0.109381 -0.326694 0.938780 0.313300 0.000000 0.000000 0.000000 1.000000
0.995242 0.047105 0.085285 0.000000 -0.072655 0.942037 0.327547 3.280200 -0.064912 -0.332185 0.940978 0.313300 0.000000 0.000000 0.000000 1.000000
0.998437 0.039398 0.039637 0.000000 -0.050259 0.943151 0.328543 3.280200 -0.024440 -0.330022 0.943657 0.313300 0.000000 0.000000 0.000000 1.000000
0.999691 0.024814 -0.001697 0.000000 -0.022785 0.941003 0.337629 3.280200 0.009975 -0.337486 0.941278 0.313300 0.000000 0.000000 0.000000 1.000000
0.998552 0.010984 -0.052669 -0.000000 0.008140 0.936828 0.349696 3.280200 0.053183 -0.349618 0.935382 0.313300 0.000000 0.000000 0.000000 1.000000
0.993232 0.004900 -0.116040 0.000000 0.034669 0.941052 0.336481 3.280200 0.110849 -0.338226 0.934513 0.313300 0.000000 0.000000 0.000000 1.000000</float_array>
        <technique_common>
          <accessor source="#mixamorig_Head-Matrix-animation-output-transform-array" count="20" stride="16">
            <param type="float4x4"/>
          </accessor>
        </technique_common>
      </source>
      <source id="mixamorig_Head-Interpolations">
        <Name_array id="mixamorig_Head-Interpolations-array" count="20">
 LINEAR LINEAR LINEAR LINEAR LINEAR LINEAR LINEAR LINEAR LINEAR LINEAR LINEAR
LINEAR LINEAR LINEAR LINEAR LINEAR LINEAR LINEAR LINEAR LINEAR</Name_array>
        <technique_common>
          <accessor source="#mixamorig_Head-Interpolations-array" count="20">
            <param type="name"/>
          </accessor>
        </technique_common>
      </source>
      <sampler id="mixamorig_Head-Matrix-animation-transform">
        <input semantic="INPUT" source="#mixamorig_Head-Matrix-animation-input"/>
        <input semantic="OUTPUT" source="#mixamorig_Head-Matrix-animation-output-transform"/>
        <input semantic="INTERPOLATION" source="#mixamorig_Head-Interpolations"/>
      </sampler>
      <channel source="#mixamorig_Head-Matrix-animation-transform" target="mixamorig_Head/matrix"/>
    </animation>
    <animation id="mixamorig_LeftShoulder-anim" name="mixamorig_LeftShoulder">
      <source id="mixamorig_LeftShoulder-Matrix-animation-input">
        <float_array id="mixamorig_LeftShoulder-Matrix-animation-input-array" count="20">

0.000000 0.033333 0.066667 0.100000 0.133333 0.166667 0.200000 0.233333 0.266667 0.300000 0.333333 0.366667 0.400000 0.433333 0.466667 0.500000
0.533333 0.566667 0.600000 0.633333</float_array>
        <technique_common>
          <accessor source="#mixamorig_LeftShoulder-Matrix-animation-input-array" count="20">
            <param name="TIME" type="float"/>
          </accessor>
        </technique_common>
      </source>
      <source id="mixamorig_LeftShoulder-Matrix-animation-output-transform">
        <float_array id="mixamorig_LeftShoulder-Matrix-animation-output-transform-array" count="320">

0.149446 0.946521 -0.285942 6.728800 0.044302 -0.295309 -0.954374 11.756600 -0.987777 0.129960 -0.086066 -2.058500 0.000000 0.000000 0.000000 1.000000
0.144992 0.951848 -0.270116 6.728800 0.042905 -0.278793 -0.959392 11.756600 -0.988502 0.127515 -0.081262 -2.058500 0.000000 0.000000 0.000000 1.000000
0.143187 0.954726 -0.260761 6.728800 0.042272 -0.269135 -0.962174 11.756600 -0.988792 0.126748 -0.078895 -2.058500 0.000000 0.000000 0.000000 1.000000
0.154113 0.947172 -0.281273 6.728800 0.045264 -0.291143 -0.955608 11.756600 -0.987016 0.134540 -0.087741 -2.058500 0.000000 0.000000 0.000000 1.000000
0.177733 0.927791 -0.328046 6.728800 0.051341 -0.341641 -0.938427 11.756600 -0.982739 0.149947 -0.108355 -2.058500 0.000000 0.000000 0.000000 1.000000
0.203348 0.908979 -0.363878 6.728800 0.057475 -0.382084 -0.922339 11.756600 -0.977418 0.166642 -0.129940 -2.058500 0.000000 0.000000 0.000000 1.000000
0.217128 0.900489 -0.376796 6.728800 0.060637 -0.397702 -0.915509 11.756600 -0.974258 0.175935 -0.140955 -2.058500 0.000000 0.000000 0.000000 1.000000
0.189462 0.912888 -0.361579 6.728800 0.055065 -0.377548 -0.924351 11.756600 -0.980343 0.155219 -0.121799 -2.058500 0.000000 0.000000 0.000000 1.000000
0.129600 0.936920 -0.324631 6.728800 0.041693 -0.332251 -0.942269 11.756600 -0.990689 0.108583 -0.082122 -2.058500 0.000000 0.000000 0.000000 1.000000
0.073502 0.958400 -0.275802 6.728800 0.028624 -0.278463 -0.960020 11.756600 -0.996884 0.062669 -0.047901 -2.058500 0.000000 0.000000 0.000000 1.000000
0.034856 0.969517 -0.242534 6.728800 0.019251 -0.243287 -0.969763 11.756600 -0.999207 0.029133 -0.027144 -2.058500 0.000000 0.000000 0.000000 1.000000
0.027248 0.969684 -0.242838 6.728800 0.017676 -0.243358 -0.969776 11.756600 -0.999472 0.022132 -0.023771 -2.058500 0.000000 0.000000 0.000000 1.000000
0.047386 0.965761 -0.255070 6.728800 0.022390 -0.256320 -0.966333 11.756600 -0.998626 0.040080 -0.033769 -2.058500 0.000000 0.000000 0.000000 1.000000
0.078183 0.959186 -0.271754 6.728800 0.029616 -0.274703 -0.961073 11.756600 -0.996499 0.067091 -0.049885 -2.058500 0.000000 0.000000 0.000000 1.000000
0.106204 0.950597 -0.291695 6.728800 0.035818 -0.296822 -0.954261 11.756600 -0.993699 0.090898 -0.065572 -2.058500 0.000000 0.000000 0.000000 1.000000
0.129406 0.943166 -0.306090 6.728800 0.040880 -0.313498 -0.948709 11.756600 -0.990749 0.110255 -0.079125 -2.058500 0.000000 0.000000 0.000000 1.000000
0.157222 0.933817 -0.321351 6.728800 0.047347 -0.332151 -0.942037 11.756600 -0.986428 0.132894 -0.096435 -2.058500 0.000000 0.000000 0.000000 1.000000
0.171364 0.929420 -0.326821 6.728800 0.050421 -0.339567 -0.939229 11.756600 -0.983917 0.144472 -0.105052 -2.058500 0.000000 0.000000 0.000000 1.000000
0.158590 0.938756 -0.305920 6.728800 0.047124 -0.316685 -0.947360 11.756600 -0.986219 0.135826 -0.094461 -2.058500 0.000000 0.000000 0.000000 1.000000
0.149446 0.946521 -0.285942 6.728800 0.044302 -0.295309 -0.954374 11.756600 -0.987777 0.129960 -0.086066 -2.058500 0.000000 0.000000 0.000000 1.000000</float_array>
        <technique_common>
          <accessor source="#mixamorig_LeftShoulder-Matrix-animation-output-transform-array" count="20" stride="16">
            <param type="float4x4"/>
          </accessor>
        </technique_common>
      </source>
      <source id="mixamorig_LeftShoulder-Interpolations">
        <Name_array id="mixamorig_LeftShoulder-Interpolations-array" count="20">
 LINEAR LINEAR LINEAR LINEAR LINEAR LINEAR LINEAR LINEAR LINEAR LINEAR LINEAR
LINEAR LINEAR LINEAR LINEAR LINEAR LINEAR LINEAR LINEAR LINEAR</Name_array>
        <technique_common>
          <accessor source="#mixamorig_LeftShoulder-Interpolations-array" count="20">
            <param type="name"/>
          </accessor>
        </technique_common>
      </source>
      <sampler id="mixamorig_LeftShoulder-Matrix-animation-transform">
        <input semantic="INPUT" source="#mixamorig_LeftShoulder-Matrix-animation-input"/>
        <input semantic="OUTPUT" source="#mixamorig_LeftShoulder-Matrix-animation-output-transform"/>
        <input semantic="INTERPOLATION" source="#mixamorig_LeftShoulder-Interpolations"/>
      </sampler>
      <channel source="#mixamorig_LeftShoulder-Matrix-animation-transform" target="mixamorig_LeftShoulder/matrix"/>
    </animation>
    <animation id="mixamorig_LeftArm-anim" name="mixamorig_LeftArm">
      <source id="mixamorig_LeftArm-Matrix-animation-input">
        <float_array id="mixamorig_LeftArm-Matrix-animation-input-array" count="20">

0.000000 0.033333 0.066667 0.100000 0.133333 0.166667 0.200000 0.233333 0.266667 0.300000 0.333333 0.366667 0.400000 0.433333 0.466667 0.500000
0.533333 0.566667 0.600000 0.633333</float_array>
        <technique_common>
          <accessor source="#mixamorig_LeftArm-Matrix-animation-input-array" count="20">
            <param name="TIME" type="float"/>
          </accessor>
        </technique_common>
      </source>
      <source id="mixamorig_LeftArm-Matrix-animation-output-transform">
        <float_array id="mixamorig_LeftArm-Matrix-animation-output-transform-array" count="320">

0.471777 0.809914 0.348520 0.000000 -0.258392 0.504917 -0.823585 14.448800 -0.843007 0.298494 0.447484 0.000000 0.000000 0.000000 0.000000 1.000000
0.359726 0.862270 0.356493 0.000000 -0.341932 0.477316 -0.809476 14.448800 -0.868147 0.169294 0.466541 0.000000 0.000000 0.000000 0.000000 1.000000
0.363168 0.876427 0.316203 0.000000 -0.382808 0.449762 -0.806952 14.448800 -0.849451 0.172014 0.498843 0.000000 0.000000 0.000000 0.000000 1.000000
0.477357 0.846094 0.237181 0.000000 -0.389678 0.445761 -0.805883 14.448800 -0.787579 0.292270 0.542492 0.000000 0.000000 0.000000 0.000000 1.000000
0.631852 0.760743 0.148434 0.000000 -0.369505 0.463989 -0.805096 14.448800 -0.681343 0.453855 0.574271 0.000000 0.000000 0.000000 0.000000 1.000000
0.771352 0.627616 0.105421 -0.000000 -0.303757 0.508643 -0.805614 14.448800 -0.559238 0.589389 0.582986 0.000000 0.000000 0.000000 0.000000 1.000000
0.900319 0.419886 0.114551 0.000000 -0.176361 0.592577 -0.785970 14.448800 -0.397898 0.687421 0.607560 -0.000000 0.000000 0.000000 0.000000 1.000000
0.991467 0.081555 0.101696 0.000000 0.022084 0.663767 -0.747613 14.448800 -0.128473 0.743480 0.656302 0.000000 0.000000 0.000000 0.000000 1.000000
0.951826 -0.306640 0.000163 0.000000 0.211207 0.655212 -0.725320 14.448800 0.222305 0.690412 0.688412 0.000000 0.000000 0.000000 0.000000 1.000000
0.819101 -0.554404 -0.147346 -0.000000 0.306465 0.640042 -0.704575 14.448800 0.484927 0.531961 0.694164 0.000000 0.000000 0.000000 0.000000 1.000000
0.730970 -0.637112 -0.244480 0.000000 0.362156 0.665824 -0.652320 14.448800 0.578382 0.388287 0.717431 0.000000 0.000000 0.000000 0.000000 1.000000
0.730189 -0.641079 -0.236310 0.000000 0.416976 0.692109 -0.589165 14.448800 0.541254 0.331666 0.772685 0.000000 0.000000 0.000000 0.000000 1.000000
0.812754 -0.572477 -0.108167 0.000000 0.422784 0.707284 -0.566571 14.448800 0.400854 0.414752 0.816883 0.000000 0.000000 0.000000 0.000000 1.000000
0.923626 -0.372696 0.089514 -0.000000 0.344871 0.706139 -0.618411 14.448800 0.167270 0.602051 0.780740 -0.000000 0.000000 0.000000 0.000000 1.000000
0.967438 -0.079762 0.240211 0.000000 0.231145 0.665101 -0.710079 14.448800 -0.103127 0.742482 0.661880 -0.000000 0.000000 0.000000 0.000000 1.000000
0.941742 0.192448 0.275836 0.000000 0.103818 0.613743 -0.782650 14.448800 -0.319912 0.765692 0.558008 -0.000000 0.000000 0.000000 0.000000 1.000000
0.884518 0.401244 0.237973 0.000000 -0.035220 0.566100 -0.823584 14.448800 -0.465174 0.720094 0.514857 0.000000 0.000000 0.000000 0.000000 1.000000
0.794143 0.563498 0.227613 -0.000000 -0.127807 0.521006 -0.843930 14.448800 -0.594140 0.641110 0.485772 -0.000000 0.000000 0.000000 0.000000 1.000000
0.646853 0.704743 0.291409 0.000000 -0.175543 0.509454 -0.842402 14.448800 -0.742136 0.493756 0.453254 0.000000 0.000000 0.000000 0.000000 1.000000
0.471777 0.809914 0.348520 0.000000 -0.258392 0.504917 -0.823585 14.448800 -0.843006 0.298493 0.447484 0.000000 0.000000 0.000000 0.000000 1.000000</float_array>
        <technique_common>
          <accessor source="#mixamorig_LeftArm-Matrix-animation-output-transform-array" count="20" stride="16">
            <param type="float4x4"/>
          </accessor>
        </technique_common>
      </source>
      <source id="mixamorig_LeftArm-Interpolations">
        <Name_array id="mixamorig_LeftArm-Interpolations-array" count="20">
 LINEAR LINEAR LINEAR LINEAR LINEAR LINEAR LINEAR LINEAR LINEAR LINEAR LINEAR
LINEAR LINEAR LINEAR LINEAR LINEAR LINEAR LINEAR LINEAR LINEAR</Name_array>
        <technique_common>
          <accessor source="#mixamorig_LeftArm-Interpolations-array" count="20">
            <param type="name"/>
          </accessor>
        </technique_common>
      </source>
      <sampler id="mixamorig_LeftArm-Matrix-animation-transform">
